1.2208,-1.1525,-0.0370,1.5994,-0.7605,0.9831,-1.1292,-0.7248,0.9568,-0.3929,0.4165,1.1067,0.5976,0.4962,1.7690,0.0336,1.6195,0.7100,0.7935,-0.8624,1
2.0868,-2.5990,0.2305,1.2652,0.1420,0.5692,1.1909,-2.2274,0.7070,2.2726,2.5593,-0.0970,1.3834,-0.5899,2.2805,0.6182,0.9334,3.9471,-2.2455,-1.0894,0
1.3351,1.3021,3.5483,2.7062,-1.9340,2.5310,-1.5203,1.1957,3.3846,-1.1957,5.6007,-1.9149,3.2181,-0.5308,-2.0416,-0.8971,-2.4986,0.2490,2.6523,-1.3590,0
-1.8039,1.0323,0.9885,1.0809,-3.6804,3.1942,-2.4430,0.8570,0.7195,-3.1980,-0.3439,-2.9362,-3.7128,-2.1711,1.6646,0.7476,-4.4259,0.9299,-0.0943,0.9891,0
0.6541,4.7644,-2.1735,0.7941,3.6956,0.2810,0.7573,2.4346,0.6174,-0.1472,-3.3206,1.4706,-2.5987,3.0801,2.0498,1.8766,-1.8044,1.1653,-1.6016,1.2561,0
0.1333,-1.4410,-1.3759,0.7442,2.0663,-0.6514,1.8252,1.9687,-0.0003,0.3072,0.5464,0.0277,0.5061,0.2368,1.4933,0.8435,1.5482,-0.4750,0.7930,0.1040,1
0.9630,-0.9673,0.0882,0.4960,0.9315,0.2276,2.1743,-1.6744,-0.6011,0.4399,1.3391,-0.1945,-1.6202,0.5856,0.2387,0.9309,1.1105,0.0784,0.8949,-0.0086,1
1.4577,1.4704,-2.8913,-0.2194,1.6824,1.6782,-0.2118,1.6898,-1.2049,0.7745,-0.7788,2.7481,-0.1941,-0.8506,3.9118,-1.4186,0.6375,3.7562,3.8804,2.5897,0
1.0105,-0.7011,2.0552,1.4957,-2.8622,-1.1124,-3.4690,0.7803,-2.4783,-3.5216,4.5927,-2.5802,1.0047,3.0990,0.3001,-3.6477,0.6827,-1.4597,-0.3634,1.2351,0
1.5762,-1.9151,0.8801,1.5831,0.3381,-0.6581,1.9947,-0.3556,-0.3227,0.6533,-0.4827,-0.1976,-0.2586,0.0597,-0.7206,0.1517,-0.7472,-1.1080,-0.2451,1.1325,1
-0.4996,0.6373,-0.7063,1.4504,2.1267,0.4891,-1.0696,1.4469,0.4188,-0.4256,-0.4904,1.4097,1.2060,0.5473,1.5507,-0.1600,-0.4267,0.1545,2.8858,0.4052,1
-0.3654,0.8232,1.3236,-2.4406,2.5830,1.2798,1.1994,-2.6343,-2.4295,-2.3900,-1.3035,-1.5898,-0.4874,-0.5986,0.2045,-0.6435,0.2921,-3.1144,2.1935,1.0865,0
0.7433,-1.7595,-1.1382,-0.0030,2.9009,2.2223,1.4144,2.0144,0.3410,0.7618,0.1029,-0.3744,1.1020,-0.1659,0.6313,1.2582,0.1818,1.3618,0.8387,-0.1090,1
0.8717,-2.0142,2.9849,-2.4406,-0.8454,-0.6779,-3.4924,-0.3737,2.5514,1.3994,-4.4409,-3.1041,0.1565,1.4842,0.6397,0.6517,0.9805,1.2197,-0.4380,-0.9499,0
0.6899,1.9387,-0.0561,1.8156,0.3745,0.4847,0.5612,-1.2574,1.4714,0.8786,0.5109,1.5135,-0.4264,-0.5416,-0.1357,0.4672,0.4647,2.3950,1.8277,0.1876,1
-1.6086,0.1358,-1.3173,2.6515,2.4591,-2.3364,-0.7966,0.6603,-2.0450,-0.8366,0.4047,-1.0750,1.4692,0.1524,-0.9441,0.4670,0.2218,-1.6290,-0.2473,2.5805,0
-1.4604,0.6886,0.2313,-1.1114,-3.2543,-0.9325,-1.1785,-2.1826,-3.4536,-0.2184,0.7070,2.5694,-2.6816,0.3814,3.5584,-1.5161,-0.0403,1.0493,-2.9967,0.2445,0
0.5276,-0.0595,-0.6145,2.1966,0.1054,0.6945,0.8587,1.8060,0.0167,0.6849,-0.3579,-0.6603,0.4674,0.8630,2.0566,-2.1171,-0.8300,-0.3114,0.9218,0.8147,1
1.6425,-1.9552,0.3183,1.1498,1.6726,1.3899,2.3636,-0.9056,-0.7136,-3.0779,-1.4555,1.7048,-4.1441,0.6766,-2.9447,3.0367,1.0271,-0.1909,-0.5105,-0.5500,0
-2.6333,-0.0380,0.6922,-1.9914,-0.7611,-1.9760,-0.3088,-0.5048,-0.1166,-2.9185,5.4917,1.8913,0.6631,-0.8718,-2.6885,-0.3495,0.3413,-3.5454,0.7638,0.8164,0
-1.2480,2.0920,1.0211,0.4197,-1.6018,-1.7292,-2.3109,-1.0595,0.0159,-3.3865,-1.0346,-0.8568,0.1734,3.0554,2.1310,-2.3184,5.5334,-0.3867,1.5383,1.3000,0
0.4144,0.0020,0.4834,-1.1830,0.3549,0.1188,-0.4531,-0.1726,-0.0760,0.9875,1.6823,2.3841,1.0340,0.7756,0.3968,0.9922,1.7091,1.0573,1.4944,-1.7735,1
1.1728,0.3566,0.1779,0.4218,2.4511,0.4069,0.4209,1.0365,-0.3511,0.0495,-1.2882,0.2397,-1.1031,1.0613,0.1675,-0.9078,0.1169,0.5947,-0.3850,-0.3116,1
1.9328,-1.0433,-0.0186,0.9121,-0.2555,2.9093,0.0873,0.9716,-1.0260,-0.5177,2.6072,-3.1969,2.8002,0.1447,1.2344,1.4123,1.0107,-0.7942,-0.6054,0.1674,0
-2.5269,-1.5226,-0.3404,0.9720,0.5753,-0.4761,2.1790,0.9996,1.8000,1.1757,0.4731,-0.0350,-0.0761,-0.0100,0.7739,0.5501,0.5970,-0.4339,0.1966,1.6411,1
0.1375,1.1695,1.2962,-1.4216,0.7730,0.5457,0.9832,0.9175,-1.3868,0.3827,1.2519,1.3603,0.9032,-1.2141,0.8339,2.5800,1.8211,0.1152,0.9391,-2.0598,1
0.1542,1.7678,1.1203,2.6580,-0.2929,0.1486,-0.5431,-0.0923,0.8697,0.8326,1.2971,0.2744,-0.4339,0.1955,-0.3411,-1.0025,0.4487,1.1975,0.9522,0.0166,1
-1.2590,-1.1171,0.9980,0.3659,-0.0373,-0.5183,0.5502,-0.0004,1.4974,0.2887,-0.7961,2.8642,0.9854,0.9381,0.2355,0.7962,0.3024,1.7499,-0.9861,0.0844,1
2.2054,0.4471,-3.1180,2.3265,-2.3219,0.8273,-0.9126,2.1102,0.7859,2.7746,0.0056,0.6961,-0.9319,-2.0763,-2.5384,-2.3529,2.1686,0.1769,-3.7264,-0.3276,0
-3.7436,4.2701,1.1394,-2.7260,-1.2172,0.1239,-0.8414,-0.5088,-1.2417,0.5561,1.5601,-0.0110,-3.1169,-2.6201,-2.0921,-2.5969,-0.2579,1.0901,1.4670,-1.0177,0
-0.5011,1.5331,1.3457,-1.2489,-2.5565,1.7119,-2.6853,1.1352,-2.8804,-1.0173,-3.4259,2.6983,4.2892,-1.7705,2.5528,1.3360,-0.7605,0.3461,0.2430,-1.2461,0
3.2618,-0.9421,0.0816,-3.0012,-2.2634,1.0267,-0.2619,4.4201,3.8011,-1.1397,1.6358,-1.0162,0.3432,-0.2147,0.0134,-0.6487,-3.7803,-1.3197,2.6765,-1.2073,0
2.9086,-0.6685,-1.2069,0.7330,-2.6876,-1.0860,4.6064,0.9950,-4.3503,1.3793,-4.1194,-1.3944,0.3159,3.5742,4.6620,1.6347,-0.8462,2.9310,-2.2053,2.2003,0
-0.1074,0.8882,-0.6645,0.4864,0.2560,-0.4606,3.0723,0.9916,-0.7974,1.0670,-0.2738,0.7854,-0.9527,0.7892,-0.0979,0.3284,0.7671,0.4731,0.7833,0.5687,1
1.4398,0.9997,0.4449,0.7770,0.3666,0.5954,-0.6721,2.2005,0.8863,0.4832,0.3383,2.0869,1.1654,-0.3638,1.1836,0.2124,1.4207,-0.4754,1.2883,0.0520,1
-1.1986,-1.0903,-0.2554,0.9448,-0.3664,-1.2784,0.8126,-1.8344,0.4244,0.3115,-2.0402,-2.8883,1.1748,-1.8110,0.8261,-0.4218,0.5191,-0.5617,-0.4992,2.2401,0
1.8512,2.0382,-0.4494,-0.3028,3.2320,0.9631,2.1399,3.0054,0.9142,0.0911,1.2714,-0.1503,0.6565,1.9080,0.5090,0.2214,1.4884,0.8239,0.9199,0.5426,1
2.4083,-0.3024,0.8649,0.9290,-0.0827,-0.2261,1.0636,2.7301,-0.8325,-1.4545,-0.2664,-0.1844,-0.1114,-1.2345,0.2972,0.5458,2.5442,-0.2485,1.6513,-1.0263,1
0.6731,2.3625,-1.1989,0.2079,0.5078,-0.5093,0.0623,0.0196,0.9760,0.1459,1.9917,0.4660,-0.4925,1.2093,-0.1544,1.5398,-0.7798,-1.0087,-0.2885,0.3986,1
1.9955,1.2667,-1.4094,1.3258,0.8134,1.4336,4.0736,0.0944,0.1529,1.6458,-0.1447,-1.5384,1.9208,-3.2294,-0.8889,1.6327,-0.1877,0.4016,-0.1243,1.6660,0
-1.7035,0.9188,0.3963,-5.1192,3.0984,-2.3205,-1.3306,0.1585,0.6950,0.6892,0.4640,2.1970,0.8430,2.5071,0.6714,3.8692,1.4729,4.7953,1.7818,1.6601,0
0.1719,0.9338,0.9609,0.1528,-0.5556,-1.5225,-1.6878,-0.1608,-1.3322,-0.5920,0.5656,2.1231,1.0941,1.9891,1.3936,-0.1529,-2.0942,0.0600,-1.7597,0.0561,1
-0.7864,2.5921,3.8855,-3.6534,-3.8035,1.2501,-0.1098,-2.6618,3.3411,-0.9771,-1.6370,0.6077,0.1125,-2.0555,1.4334,-2.6621,1.5928,-0.9699,0.5634,0.9733,0
0.0548,1.7336,-0.4982,0.0343,0.0347,1.5105,0.4461,0.9572,-1.7357,2.2183,0.1328,0.9489,-0.3914,0.9020,1.2677,0.4659,0.6985,-1.3008,-1.1041,0.3402,1
-0.3248,0.4006,-0.7041,-0.0083,-0.1020,0.6646,1.5507,0.4737,-0.5143,0.0305,-0.5632,0.6158,2.5411,-0.4497,0.5659,-0.5405,0.8516,0.2249,-0.2743,-1.0231,1
0.9438,0.1217,0.6811,1.1040,1.0323,-0.7703,-0.4496,2.4618,0.0795,0.8635,-0.5925,-0.0635,1.4460,3.2939,1.1947,-0.2530,0.4966,0.3708,0.3166,1.2348,1
-2.1145,0.7778,1.8384,0.6989,-1.5125,0.4087,0.2173,-2.4252,-1.6304,2.9698,-3.0462,-5.2407,-0.7476,0.0130,-0.5806,0.8446,1.1184,-0.2857,0.0320,1.3307,0
0.6674,-0.0106,-0.0418,1.5664,1.2203,2.5507,1.4235,0.6442,0.5852,-0.7421,-1.6972,-0.5139,1.9741,-0.9079,2.4136,0.6018,1.3266,1.9200,0.3377,-1.3165,1
-1.4562,1.2471,2.9765,0.9265,1.8263,-1.0738,-1.4631,-0.6413,-2.4920,-1.8676,-1.1597,1.4238,-2.7532,0.9615,-0.4206,-0.1045,-0.0037,2.0205,3.0856,1.0894,0
-1.0882,1.7692,0.9580,0.9073,0.4047,0.1918,-2.4440,-1.8464,1.4819,-1.7217,-1.7109,-4.1315,0.4886,-0.1849,-1.7365,0.0372,-1.5222,0.6315,2.1105,-0.0249,0
-0.0848,0.3535,1.4503,-0.1772,0.6759,0.9811,0.9493,-0.2476,1.8188,0.4638,0.1151,2.6827,1.3431,0.6069,1.4827,0.8305,0.7261,0.9644,0.5146,0.9763,1
0.0696,0.0453,0.5657,-0.2868,0.1481,0.1601,-1.7021,0.7762,-0.1592,2.5277,0.3590,0.6176,1.9432,0.7204,1.4945,0.4808,0.1400,-1.5673,1.9716,0.0835,1
-0.2924,-0.6415,-0.2461,-1.1582,1.0339,2.3634,-0.1514,1.1000,0.9741,-1.1418,-1.0367,-0.4614,-0.5247,1.0534,0.8230,-0.2751,2.1069,1.9533,0.5492,1.0258,1
-2.2391,-2.3695,-0.1527,1.7965,-1.0640,-2.9644,3.4586,1.9613,-1.1467,-2.7012,-0.7974,-3.4987,-1.9537,0.5503,-2.1318,-0.1340,2.1137,0.4736,0.6854,0.8236,0
-2.7937,3.2460,0.0049,0.0070,0.4212,-1.8818,3.4059,0.1393,-0.3467,-0.9900,1.3978,1.0974,-1.5180,-1.9929,-2.3904,-0.8829,3.4346,-1.7811,1.4146,-2.7009,0
0.5892,0.6627,0.5367,3.4201,-0.0017,-0.7716,-0.0028,0.3434,0.6317,0.2731,-0.2421,0.3746,0.4726,0.3095,1.2828,0.7824,1.0036,1.2293,0.1902,-0.9128,1
-0.4950,0.3122,1.6899,-0.4644,0.4342,0.3042,1.5590,1.0787,-0.8562,-0.1884,0.5374,0.9642,1.5302,1.1023,-0.8867,-1.1944,1.0190,-0.4851,0.2239,-2.4040,1
-1.1081,2.2106,-0.4219,0.2735,1.5323,-1.0572,-1.0796,1.1775,-0.7899,0.5636,-0.2614,1.5652,1.7471,0.0495,0.0240,1.2608,-0.9426,-1.0697,0.8915,1.3467,1
-0.9762,0.2083,-0.6225,1.4848,2.9439,-0.6258,8.5899,0.4799,0.7419,-0.5850,-0.3426,0.1170,-1.6072,-2.6419,-1.5283,-1.3188,1.3530,1.4733,-2.6937,2.2441,0
2.1022,-0.1018,1.1872,-1.9576,-2.0968,0.1527,1.1548,0.0975,-0.2933,-1.1213,1.1612,-1.0573,0.4942,-1.5541,0.6599,0.5018,0.6558,1.6138,-1.0117,1.3004,0
2.6140,-0.6094,1.3584,1.4137,0.3314,1.6817,0.0959,0.5727,0.5275,4.7189,-0.9326,1.5517,0.2274,-1.4435,0.6150,-0.7798,3.6856,-1.0855,0.6130,1.3233,0
-0.3503,-1.7191,-0.4763,0.0252,1.1864,0.6133,-1.8744,0.4062,1.4901,-1.4603,1.7342,1.3986,-0.7773,-0.7951,-0.7911,-2.5276,-1.3917,-2.1255,-0.0105,4.8270,0
0.5410,2.4333,-1.0854,0.3164,0.7297,1.7773,0.9317,-5.3736,-1.3657,5.3300,-2.7079,1.3424,1.1722,2.7848,4.6166,1.5155,2.7692,2.0214,0.7560,1.4398,0
0.5162,0.4023,0.4453,1.8041,0.7571,0.4220,0.5825,1.7226,0.1424,0.4045,0.1117,-0.4539,1.5228,0.9513,1.7124,0.8153,0.1303,1.7565,-0.1260,-0.0399,1
0.1224,0.3759,0.1333,0.5129,-0.5334,0.5384,2.1974,1.4883,-0.6192,1.6302,-1.4058,1.2020,-0.1095,1.5315,0.5625,1.0096,-0.5237,-0.3495,-0.5873,-0.1588,1
1.0704,0.7221,0.9129,1.5209,0.6967,-0.5677,2.1423,2.2798,-1.3055,0.0626,-0.1263,1.1703,-0.2259,-1.0352,0.8996,0.7441,-0.1230,1.9057,-0.2255,-0.2129,1
-1.1582,1.3831,-0.9882,-1.2984,4.3777,-1.2447,2.9422,4.0522,3.0323,3.3128,2.5472,-0.6672,-0.1825,2.1813,-0.9669,-0.0161,0.8400,-1.3319,-1.3920,-0.3929,0
-0.2933,-0.1816,-0.5587,0.7883,1.0722,-1.2734,-0.2656,-0.5780,2.3187,0.8729,-1.5158,3.0813,-1.4544,-0.7740,0.4785,0.3140,-1.9566,2.0963,-0.7887,1.6056,0
2.2316,-0.4331,0.2481,0.9399,-0.1835,0.8167,1.1489,-1.5222,1.2573,1.5661,0.4348,2.4357,0.9113,0.7221,0.7580,-0.5958,1.1152,-0.0959,0.9692,1.5169,1
1.2945,0.3312,-0.9394,-1.5297,-1.2956,1.0638,1.5627,1.2264,2.2921,-0.3628,1.1672,1.8113,0.8033,0.7472,0.8968,-0.1035,-1.1987,1.3020,0.9399,0.9441,1
0.8238,0.5782,0.1612,0.7030,-0.2449,0.9392,0.9787,1.1186,0.6204,1.9461,0.6557,0.2986,-0.5751,0.1643,0.0044,1.0153,1.0862,-0.1488,0.9242,1.6633,1
-0.9457,1.5687,0.9274,-2.5483,0.2265,-0.9269,0.3594,1.6117,0.2340,-4.3776,-1.1363,0.3532,-0.4147,3.4953,2.0869,1.0458,-2.5414,0.8034,-2.9788,0.0665,0
-2.6306,-1.5770,-0.1228,2.6033,-3.2438,-0.8312,-2.1029,-0.5854,-1.4644,-0.7801,-0.8148,-1.2814,-3.3349,-1.3277,3.9078,-1.5788,1.2096,0.1423,-1.1358,-0.5415,0
-2.7122,-0.8487,0.4152,0.6638,-5.3907,0.7196,0.0433,2.1784,-3.4898,1.2229,0.9059,0.6596,0.7756,0.7949,-2.9134,1.5936,0.5843,-1.2084,-0.4854,1.7978,0
0.0222,0.8939,1.7049,-2.2175,-1.0135,-0.0455,-0.3176,0.9511,1.6942,0.1414,-1.0839,-0.2914,-0.2000,-0.9687,1.6283,1.1071,0.0663,1.1339,2.1017,1.1154,1
0.5539,0.2159,-0.3742,-0.2391,-0.1975,-1.2863,1.2303,1.0086,0.4485,-0.4476,1.4528,1.3833,-0.9144,-0.3667,-0.5217,-0.0911,0.6014,-0.3011,-0.9855,-0.2251,1
1.6214,-0.9817,-1.1388,-0.2250,1.6714,0.6508,0.6273,1.0575,1.3269,0.4825,-1.7157,0.7286,0.7907,0.4725,1.2806,0.4639,0.4012,-0.1416,-0.5347,-0.3933,1
1.6948,0.2343,-1.2640,0.3368,0.2350,-0.6216,-0.6308,-1.1502,0.1843,-0.2849,1.5109,0.6401,0.8679,0.9606,1.5225,1.1660,0.0305,0.6597,-0.7872,-1.0498,1
0.1418,-0.6016,3.0252,2.5443,-0.2791,-1.1281,-0.1142,-0.7948,1.6861,1.1038,-1.5531,2.1905,-1.9217,1.5082,0.7980,-1.7882,0.0445,-0.4843,-1.1016,0.0694,0
0.4543,-0.1394,-0.9601,2.9244,-0.2856,0.7411,0.3148,1.1441,1.4388,1.0108,-0.3540,-0.3934,1.4050,1.0962,0.9147,-0.3028,1.4321,0.6684,0.6946,0.8473,1
-0.4402,-0.3930,1.8213,-0.1008,-0.8741,0.7535,0.5387,0.5311,0.0306,-0.0467,2.1192,1.7868,-1.2924,1.5391,1.4568,0.9787,0.6778,1.2450,1.7871,1.7066,1
1.7838,1.5339,1.4843,0.9797,-2.3406,-0.8207,1.3739,-1.3878,0.7192,-0.4545,-0.6654,-0.2041,-2.6222,-2.2569,-2.9016,2.2860,-0.7828,-1.3193,-4.3015,-1.2419,0
1.8738,0.7511,-2.8271,-2.2550,2.6207,-1.2856,3.2911,0.4262,1.7251,2.3905,-2.4004,1.0359,-2.7384,-1.0834,-0.4913,-0.8002,-1.4197,-0.1229,2.2394,1.7223,0
0.3393,-0.4840,0.3179,1.6452,-0.6646,-0.5923,0.5838,1.0585,0.5931,1.8601,0.8514,1.1609,0.7798,0.5100,0.0678,-0.6068,0.1257,-0.6469,-0.6267,-0.6655,1
3.2525,2.4287,5.3003,-0.4172,-0.1452,0.2518,-0.5154,0.6956,2.4023,-2.9948,-2.4707,1.0173,0.7227,-0.9226,-0.2622,4.4681,0.8353,0.1861,1.9918,-2.5024,0
-1.9818,-0.2841,1.5620,-3.7795,1.2409,0.4885,-2.0312,-4.0890,-0.8965,-4.5775,1.7165,-3.1107,-3.1736,-0.6727,-2.3236,1.7858,-1.1211,-2.9070,2.2487,-2.9019,0
0.9877,-0.1173,1.1722,0.3466,-2.3588,1.4599,1.1518,2.1304,0.0353,0.7949,-0.1056,1.8137,-1.0630,1.0450,-0.1405,-1.2363,0.9120,0.0616,0.8868,0.2926,1
0.8174,0.1542,-0.5993,-0.4263,0.3661,0.8827,-1.3018,0.6579,0.7216,-1.0080,0.7235,0.0789,-0.0296,0.6748,2.6560,0.7359,1.4802,0.4708,-0.9152,-0.4613,1
-1.9431,-0.9935,-1.6576,-0.1164,0.4171,-3.5764,-1.8323,-3.0088,-5.6740,-2.0910,-0.5456,-1.9894,-0.8426,0.2680,1.0814,1.3701,0.4794,-0.9118,1.8790,0.8551,0
0.7655,0.4714,-0.6770,1.3621,1.1420,0.4742,-0.8542,-0.5208,0.0474,-0.8871,1.0595,-1.1941,0.8417,0.8827,1.1642,-0.3596,-0.4086,2.0396,0.6662,0.4360,1
2.0167,-0.5800,0.8187,0.4567,1.4508,0.0767,-0.1473,-1.3403,0.3637,1.7130,-1.7002,0.7908,0.5881,1.3060,-0.2108,0.3207,0.2242,0.2119,1.4983,1.5765,1
2.6829,1.8053,-2.0326,-1.7829,-0.5521,-0.0086,-0.2351,-1.9074,2.7400,-2.6782,0.2586,0.2445,-0.0976,2.8977,-0.6075,1.6742,-0.2583,-0.2800,-2.9914,0.5469,0
-1.6811,0.3245,0.3174,-0.2088,-0.5439,0.9697,-0.3817,-2.0556,0.8192,1.5032,1.1066,-1.7736,-2.4932,-1.5652,-1.0959,1.3321,-0.9942,-3.5877,-3.1562,1.8149,0
0.3272,0.4156,1.3076,1.6664,1.4675,0.6689,0.7772,-0.5088,1.6027,2.2293,1.4356,1.0834,0.2989,0.7775,0.0920,0.2070,0.8009,1.2133,1.8947,-0.0392,1
1.6051,0.8171,0.6334,-0.1147,1.2456,1.0544,0.1215,-0.9025,-0.7666,-0.3076,2.6479,0.7334,1.5539,0.9358,3.1417,1.1789,0.1443,0.6042,-0.4050,0.0233,1
-1.5287,0.7116,-0.1878,-0.9824,-2.4050,-0.5004,-0.6486,2.3833,-1.2532,-3.2614,0.1971,-0.5047,-1.3961,-1.1504,2.1244,-3.5747,1.3666,0.6730,1.1343,1.8214,0
4.6804,2.0327,-5.0839,1.1813,-1.5459,-0.1227,-3.2137,2.2725,-0.7493,-3.0077,-0.6558,0.7973,0.9928,-0.1104,3.1313,1.8701,-2.7922,1.5367,0.3835,-1.5337,0
-1.1164,-3.4072,-0.1229,2.7640,-3.2472,2.1149,-2.4853,-3.6131,-1.0823,1.4533,-3.0690,-0.9713,0.9103,0.3304,-2.3662,-3.4010,-0.4624,-1.2707,-0.7469,-0.3310,0
-0.8447,-3.0685,-1.1421,2.4993,0.7576,1.4280,-2.9935,0.1822,-2.0157,0.4837,1.9628,1.9522,-0.4302,-0.0128,1.9284,-0.4165,-0.5568,2.5390,1.0783,3.6012,0
-0.1133,-0.0559,0.3231,1.9193,0.1840,-0.3635,-0.2511,0.3779,-0.0350,0.1000,0.2182,-0.3326,0.9072,1.6348,0.7648,-0.1382,0.3491,-0.1473,0.9105,1.3911,1
1.5008,-1.2644,-0.3398,-0.1911,0.9790,0.5154,0.3321,-0.0311,1.4990,1.2473,-1.4910,1.2717,1.3688,1.1666,1.1336,1.9526,1.3569,-0.1094,0.5523,0.0597,1
-0.9335,0.3234,1.6266,1.5882,-0.0269,0.5642,1.0204,1.1849,-0.4338,1.4960,0.3558,0.2718,-1.1020,0.1423,1.3129,1.0296,0.9573,-0.6637,0.7997,0.6118,1
0.2740,-2.4294,0.4409,-0.1414,-0.9974,1.4398,0.4647,-0.6728,-0.1659,0.0710,1.6182,0.5629,0.5228,-1.4019,3.1575,2.2981,-4.0671,-0.0334,-0.3757,-0.2731,0
-0.8515,0.7285,0.7199,1.7942,0.3000,-0.0767,-1.1559,-0.6305,0.8048,-1.0721,0.3946,0.0178,0.6081,-0.5236,4.1215,1.3178,2.0591,3.8929,0.3969,-0.1150,0
0.5780,2.3664,-2.3791,-3.3704,-0.3758,-2.2104,3.1318,-0.0032,-0.4648,-2.9689,0.8496,-0.8836,-5.6118,2.4126,4.0250,0.4549,0.6694,-2.8669,4.5785,1.4642,0
0.0809,-3.2470,-3.0616,2.9613,1.4469,2.4656,-1.2413,2.9298,-0.7969,3.5703,5.2077,-1.0153,0.8689,2.3015,1.2845,2.5269,1.8871,-2.5186,1.2136,0.4052,0
-4.6036,-3.9544,0.3721,4.3829,0.2807,-0.5950,1.3398,-0.5272,-1.8311,-1.6518,-0.9255,-0.5450,-0.3979,0.1566,4.0790,-3.0165,0.0310,-0.7842,0.1576,-3.7186,0
-0.1447,0.1322,-0.2503,0.6544,-1.0997,1.1472,-0.2760,0.4393,-0.8807,0.8920,1.4909,0.7775,0.6906,0.3748,-0.4182,-1.5214,-1.4167,1.0463,0.4322,1.9433,1
-0.7620,1.1918,0.6269,0.0214,-0.4303,0.3485,0.0500,0.3405,1.4065,2.0435,1.5395,0.9345,-0.3108,1.1949,-0.6029,1.7409,0.8579,0.5563,2.0342,-0.7274,1
-0.6093,-2.1097,0.4319,1.3250,-0.0574,0.4602,1.3886,-0.0642,0.3181,0.0891,-0.2792,0.3499,0.8889,-0.1842,0.4670,-0.0059,-0.7970,0.7653,0.0622,0.9233,1
0.8108,0.0700,2.3194,0.2399,0.2988,2.6042,2.4616,1.3564,-1.2481,0.1470,0.3448,-0.6231,-1.6161,1.1320,1.6697,-2.6343,-2.1229,2.8320,0.1656,0.6868,0
-0.6279,-2.6862,-0.1910,-2.1032,-2.2198,-1.5056,0.5216,0.5836,1.7819,1.0239,0.8560,-0.6421,-1.0873,0.3009,-5.2001,2.2869,-0.1914,1.4741,2.8780,-0.2439,0
-1.3846,-0.5170,1.9452,-0.2341,-0.0812,-0.2167,-0.5379,0.1425,0.9242,-0.4554,0.0427,-1.1923,0.8146,0.8138,1.0994,0.7497,0.6632,-0.2704,-0.5855,0.7430,1
-0.0535,1.5367,-0.6121,-1.0264,-0.9594,-0.3472,-0.2101,0.2093,0.8265,0.2455,0.8532,0.5379,0.5304,1.1475,1.9075,1.1416,0.5501,-0.9779,1.0691,1.8231,1
2.3268,1.7769,1.7481,-2.1199,-1.3025,0.3987,-4.0405,1.2817,-0.1682,0.7241,-1.2265,0.8015,1.8406,-2.4694,1.5396,0.5320,-2.0266,-0.9779,3.5026,1.7748,0
-1.1927,-1.1989,-0.5341,0.1944,2.1955,-2.5334,1.5257,1.2217,0.4754,0.8242,0.1394,1.4069,-5.8887,1.2580,0.9724,-1.1485,3.6505,0.2587,-1.0494,0.2598,0
-0.8240,-1.6615,-1.0500,-0.2929,-1.4305,2.7513,0.0971,-0.0102,-2.5812,-2.1753,-1.0141,3.5723,-3.1226,4.0784,3.2323,-0.2495,-2.8669,-0.7894,0.9050,-0.9045,0
0.5197,0.4020,-0.8868,0.4875,-1.8389,-0.0020,-0.8949,-1.6672,0.4198,-1.4329,1.4846,1.6385,0.5200,0.6939,-0.6440,2.1261,0.1449,0.2164,0.7375,1.5299,1
-0.4452,0.5602,-0.1332,0.5850,-1.0892,0.4868,-1.7336,-1.4979,-0.1215,-1.2889,-0.0914,0.8144,0.6580,-0.5822,1.2619,0.5907,0.9511,0.3047,1.4203,0.1607,1
-1.2904,0.1100,0.6716,-1.3929,1.0093,0.3848,0.7635,-0.5575,0.4200,0.5793,0.4182,0.4746,-0.9879,1.6210,-1.0366,1.3685,0.6671,0.3457,1.1637,-1.5504,1
-0.5883,0.5129,-0.4778,1.4279,0.5678,0.4165,0.0705,-0.4531,1.3887,0.0122,0.5018,-0.3207,0.3085,-0.8273,0.7344,1.2074,1.3691,1.0007,0.8281,0.3639,1
-1.3723,-0.6860,1.1114,1.7862,-0.4070,-0.6442,-0.0714,0.5432,-0.7040,-0.6756,1.9015,-0.7505,0.9269,-0.6851,1.9987,1.0678,-0.8515,-0.7546,0.9715,2.0598,1
1.7639,-0.6602,1.5270,1.6254,1.2745,-1.1435,1.0538,-0.3128,1.0892,0.3276,0.3574,-0.3294,-0.6634,-2.0980,2.2135,1.0156,0.3170,-0.0811,-0.3221,-0.5990,1
0.5817,0.5624,0.4629,-0.1813,-0.1762,0.3174,0.8872,0.9472,1.3549,1.7068,-0.6071,-0.0287,1.7976,2.7713,1.7073,-1.9153,-0.4261,0.1346,1.0959,0.1429,1
0.8981,-1.1408,0.5894,1.0885,0.0278,1.8423,0.2873,-0.3430,0.9021,-0.2729,1.8904,0.1148,-0.7735,0.3190,0.2902,0.5938,1.2073,1.7733,2.4860,0.2456,1
0.9204,1.1117,0.8103,2.0902,-1.6169,0.9680,-1.2931,0.2641,-2.9858,2.1606,2.6526,-1.2440,2.5070,-0.8089,0.8173,1.4808,-3.0430,-0.0253,-0.6252,0.8875,0
0.0333,0.8534,-0.0479,1.3593,3.0664,-4.3244,-2.1078,-2.1489,0.5309,4.8175,3.5899,-0.8232,-1.8019,-1.4099,0.7551,2.4918,1.2774,0.9639,-1.1826,-2.9828,0
-3.8862,1.5072,-2.2839,2.3502,-0.1938,2.8018,0.5535,0.9307,-4.4407,0.5454,-0.3787,2.2919,-2.1739,0.0144,2.5215,-0.3467,3.2456,3.2291,-1.2694,0.8511,0
0.5228,1.7996,0.1278,-0.3583,1.2739,1.3550,-0.3040,-0.1690,1.5873,1.2775,-0.1401,1.1527,0.9532,0.4651,0.7297,0.5573,2.2357,2.0317,-1.1651,1.7282,1
2.2251,-0.2435,0.0524,0.5089,0.6433,1.2657,-0.7917,4.0975,-1.6607,-0.3693,-2.7938,-0.8499,1.5969,3.2433,1.8135,-0.8483,-1.2289,-1.1878,0.5504,0.8784,0
1.8490,1.1111,-1.0766,-0.6139,-2.1313,2.0973,-1.2470,-1.4612,-0.8715,-0.5453,-1.8371,-1.9666,4.5495,0.6158,3.6054,-0.5979,0.3552,1.6544,-1.7849,-0.8364,0
-1.1115,-1.5280,2.5891,2.5248,-0.5525,-0.5040,1.0661,1.2388,-1.9017,0.0553,-0.8135,0.3989,1.9163,-1.7857,3.0401,3.3976,-1.2987,3.0172,-0.8076,1.3291,0
-2.1201,2.1271,-0.4501,4.5566,1.2357,0.6128,0.4099,2.8586,-1.0441,3.2221,0.2585,-3.2661,-2.9833,2.1546,2.2951,0.8764,-0.3527,-0.8310,-3.1256,-1.0798,0
-0.1750,-2.8335,-3.1782,2.3055,0.2139,2.7478,-0.7141,-0.1000,-0.0273,-4.4409,2.2540,0.9961,0.0335,5.9948,1.2964,-0.1976,-0.3735,2.3745,-2.3044,-1.2395,0
0.7511,1.8832,-2.6725,2.5799,-2.6547,1.7890,-0.4005,3.1102,-2.0459,-0.8163,-1.2101,3.5161,-2.7404,1.3169,-2.6605,0.6400,2.4516,-0.8465,-0.4198,-0.9885,0
3.8892,-2.1340,-1.5762,2.5816,0.1658,3.8392,-0.0748,-1.0168,2.4745,-0.0997,-2.3190,-1.3497,1.5789,-3.0234,-2.8387,0.9692,-1.3810,2.2346,-1.0656,1.4744,0
-1.3618,1.4287,-0.7923,-3.3326,2.1758,3.3085,0.3052,4.3568,0.7733,-0.8908,0.7501,-0.8909,2.2114,-2.3993,0.2340,2.5425,0.1609,1.6454,-1.1597,2.4101,0
2.3301,1.3533,0.3677,0.5798,-0.2781,0.9870,0.5487,0.3213,-0.6621,-0.9092,-0.1163,1.3680,0.3981,-0.7231,-0.8146,0.8971,-0.5420,-2.1196,-1.1941,0.2664,1
2.1593,-0.4899,0.7318,1.0588,-0.9801,1.3032,-0.0397,-0.4443,0.1126,-0.0980,-0.7711,-0.5486,-1.4758,1.3994,-0.5279,1.4057,0.4492,1.6448,-1.8010,1.4425,1
-3.5919,1.3412,-3.6851,-0.2406,-1.1894,-1.2714,-0.3415,0.4969,-3.7583,2.7300,1.6432,0.9511,-0.5308,-0.1956,0.1984,-0.6458,-0.9819,1.4707,-1.6303,1.4079,0
-0.1250,-1.1585,-0.6895,-1.0561,-0.7735,-0.5781,1.2093,1.6445,0.1720,1.7229,1.0904,1.6550,3.8770,3.9558,-1.0848,-2.3571,2.1035,1.2755,-1.6692,-1.5593,0
-1.4510,0.4266,1.1511,0.6602,-0.0480,1.4193,0.0744,1.0711,-0.7198,0.8034,0.9452,0.4297,0.1402,-1.2025,1.6103,1.7831,1.2263,1.7529,0.2804,1.5254,1
-1.8067,1.1861,1.4245,1.2703,0.1203,1.8506,0.8004,-1.2786,0.5143,-1.4172,2.8726,-0.4723,2.1336,1.1279,-0.1619,0.1308,0.9600,1.1420,-0.1770,0.1035,1
1.0791,0.2750,0.4408,-0.6755,2.0823,-0.8507,0.9066,-0.5275,0.5451,0.9864,3.8271,0.5577,-0.9233,0.8549,0.7951,1.0685,1.0152,-0.1274,0.3983,0.9303,1
-1.6238,0.7933,-0.3981,2.7462,0.9068,-0.8085,-1.5669,0.9290,0.0321,0.5845,0.4550,1.4988,-2.2185,-0.8110,1.9350,0.5210,3.3412,-1.2297,-1.2716,-1.1598,0
-2.3285,1.7353,0.3310,2.3801,4.0827,0.0778,0.5113,1.3354,-0.6513,1.1026,-1.1996,-2.2065,0.2859,-2.3254,-1.0132,-2.0164,-1.0746,0.0821,-2.2969,0.4273,0
-2.8613,4.8029,-1.0557,-0.3673,0.2927,2.1129,-0.1904,3.9781,0.6315,0.6532,-2.6491,-1.6293,-0.6273,1.0724,-1.0932,-0.1441,-0.4875,1.2525,3.9920,-0.8427,0
-1.6779,4.4708,0.0079,-0.4276,-0.7886,-0.7229,-1.1058,-0.8284,1.2598,1.5407,1.2151,1.9101,-4.3210,0.2267,-2.7527,-2.4268,-0.2136,-4.3146,3.8768,4.2186,0
2.4794,1.1623,0.9018,-1.5383,0.1494,-2.5785,3.4337,1.4705,-3.5682,-1.2282,0.2726,2.2759,1.0952,2.3351,2.5827,-0.2357,1.7246,-2.1327,1.6422,2.5401,0
0.3731,0.2663,0.1685,1.9421,0.0501,1.7668,1.6016,-1.5248,-0.0977,2.5197,1.3642,-0.2044,0.4459,-0.7092,0.0716,0.8469,1.6426,1.4403,0.3852,1.2680,1
6.2397,1.2293,-2.8055,1.1534,-2.2794,0.4348,0.4586,2.3666,1.8829,6.7989,1.6483,-0.0448,-0.2849,-0.1870,2.9534,2.3339,2.5018,1.3374,0.7362,1.5922,0
1.0240,2.6278,2.0773,2.2266,0.3010,0.9331,-0.7832,-0.1994,-2.1234,-0.7400,-3.0594,3.2656,1.1423,1.9757,1.4056,0.1755,-3.1525,0.0721,-1.2074,-1.8205,0
-0.8749,1.6710,4.8787,-1.7191,0.7205,1.5582,-1.1210,1.9314,-0.8846,-1.8716,-1.6257,0.5945,0.6169,-1.7921,0.9883,-1.1839,0.8124,-1.4879,0.9150,1.6757,0
-1.4500,1.8724,1.4687,2.0595,-2.8215,1.8771,0.2924,0.6233,-3.0821,1.0079,-3.8559,1.7234,0.1965,0.5471,-2.7439,-2.0148,-0.2846,0.7558,-2.5890,-3.2127,0
-0.0407,2.7224,3.5698,-0.0992,-3.1235,-1.1767,-1.1754,0.2118,0.5174,4.4912,-0.5133,-4.0316,0.9126,0.8811,-2.6951,0.4058,-1.3330,-3.4266,-0.5620,-4.2961,0
-5.5641,0.6082,-1.5084,-0.2218,-2.8945,-1.9791,0.0807,-0.4110,-0.5397,2.2386,1.5513,1.8199,2.8716,-1.2412,2.4865,-2.0746,0.2162,-1.7462,-3.0931,-2.9682,0
-0.5437,-0.8673,1.4377,-0.0511,-0.9736,2.9678,-0.1740,0.7228,0.9792,0.2777,0.0308,-0.4513,1.7304,-0.7701,-0.2178,1.5508,1.7849,0.5261,-0.3521,-0.5533,1
3.5309,1.8819,1.6224,0.7166,0.9913,-0.5871,1.8955,2.3458,-0.6674,-1.0084,1.0081,-0.4943,0.5974,-0.5652,-0.6388,-0.7281,0.5680,0.6367,-0.0370,0.6419,1
0.4579,0.5606,0.2655,0.8949,-0.6614,-0.5929,0.2303,-0.3808,0.1730,0.6036,0.3548,1.3500,0.6205,1.1284,0.1078,0.6033,1.7775,1.0540,0.3184,-0.4792,1
-1.6013,-1.3654,0.8977,1.9071,-1.9210,1.4391,-1.6512,2.3035,-0.9009,-2.0004,-1.7381,2.3916,-0.3994,0.5987,2.7006,0.9591,4.9150,-1.5402,0.8185,-1.0456,0
0.2712,-0.3018,-0.1151,0.2014,-0.3928,-0.2395,1.0963,1.7149,2.2815,0.5267,1.9030,1.9508,2.0566,-0.0907,-1.2563,0.5747,-0.7342,-0.3004,1.3797,1.9037,1
-3.0036,2.9515,1.5613,-0.0571,-0.9862,8.5031,1.0319,2.0097,-2.2446,-1.4322,-2.1078,-0.4353,-1.5096,-0.5503,3.6386,-3.2020,0.3684,2.7433,0.6764,0.9169,0
-3.1731,2.9577,-0.3162,2.2490,-3.3963,2.5917,-0.8238,-1.0660,1.0479,0.3016,-4.9266,0.2229,-1.5576,-0.6282,-1.6874,1.7313,0.1481,0.7526,-1.0833,-2.4700,0
0.5247,1.6416,2.3751,1.3129,0.9345,-3.5775,-0.3259,2.5327,1.9585,2.8720,2.8161,2.7837,-2.6716,1.3273,-1.6978,0.5462,1.8073,-0.6140,-2.4304,-1.0003,0
0.1160,-0.8637,-0.2988,-1.4435,0.2756,1.5670,-1.0783,-0.6181,0.8437,-0.3775,-1.4798,0.9484,0.9492,0.2437,-0.5032,-0.0881,-0.8354,1.0307,1.9469,1.0399,1
1.4656,2.7068,1.5040,0.6586,1.7643,-0.1969,0.2469,0.1682,1.0248,-0.1600,0.9280,1.1378,0.4241,0.4408,0.9370,2.6107,0.3529,2.5626,0.5914,0.8970,1
0.1819,1.7631,-0.6292,-2.3878,-1.1896,-1.5870,0.4733,4.5118,-3.7058,3.2712,3.0177,-1.3101,2.3604,-0.1918,-1.0939,-1.8805,0.0412,0.5687,-0.5700,0.6361,0
3.8966,-2.5901,-0.5174,-3.0804,-1.3402,2.5508,-0.0933,1.8191,2.5885,-1.8333,5.1351,-1.1999,1.2240,1.3822,-2.1679,-1.0770,-0.3872,0.8086,-1.3522,-0.6442,0
-0.8055,2.1196,0.0602,-1.0476,-2.0992,-0.1272,-3.2215,-1.6981,-2.2069,-5.0595,2.4228,0.9396,0.3807,-0.7828,-0.7315,-0.5248,-0.9787,-0.8527,1.4275,-0.7096,0
-1.1932,3.5245,3.3322,2.6375,-0.3344,-2.0997,0.9821,-0.1492,0.2219,-1.9929,-0.7027,-2.0735,-1.1666,3.7679,1.2394,1.7912,0.3232,-2.7327,1.7164,-1.8022,0
1.6670,-4.1189,3.0534,-0.1814,-2.7844,-1.0970,3.2712,2.4731,0.8916,-2.0778,-1.2350,0.9697,-3.9491,-0.6581,2.3325,-1.4054,1.1276,-0.8196,2.4486,1.7073,0
2.2491,1.3360,-4.0230,-1.1020,-2.8149,2.3886,-1.2412,2.5812,-0.9439,0.2333,4.5429,-0.4713,-1.0529,3.1369,0.7918,1.6997,2.3343,-3.8783,-0.5714,-1.6265,0
2.1760,-4.7245,-3.5558,-1.3336,-2.3883,-3.7681,2.6938,-0.5072,2.0202,-0.8084,2.9069,1.6717,-0.5121,1.1075,-2.3311,0.2851,-3.4070,2.4000,0.3884,0.0195,0
-1.9266,3.6709,0.4870,4.2262,-0.4659,-0.1371,1.1157,1.1743,-0.3062,1.2543,-1.5761,2.7659,-0.4376,3.7270,0.4519,0.4558,0.9030,-1.1597,0.9792,0.9570,0
-2.0967,-0.3229,0.5353,1.3553,-1.6795,1.7175,0.6589,-0.6813,-0.4494,0.2907,-0.2135,0.4185,0.5303,-0.7904,0.0507,0.5491,1.5771,-0.6598,0.5903,-0.5386,1
1.0351,3.3092,-0.4306,0.3755,1.9660,1.0604,2.3534,4.0440,0.1701,-2.4827,-1.6699,-0.2915,2.6087,0.9641,-0.7411,0.3539,1.9515,2.8701,-1.6723,-0.9313,0
0.0210,2.5719,0.6697,-0.4972,0.2453,0.4276,1.9092,-1.5792,0.6105,-0.6042,-0.4444,0.8349,-0.0841,-0.6546,0.4262,1.5273,-0.5029,0.5149,0.2586,-0.4620,1
1.3922,-1.3808,4.0190,-1.8919,-4.2893,1.2547,-2.5472,-0.0531,0.0370,0.1830,-0.9686,-1.8575,-0.3058,0.6524,2.1424,-1.8419,-0.5928,2.5361,-2.1956,-2.5435,0
0.2917,-4.4594,-5.7787,0.4754,-1.8979,-3.8147,0.7110,-0.3903,0.2519,-4.9171,-0.0461,-0.7430,1.9591,-0.1122,4.5039,-2.5510,0.6636,-0.8065,-4.2955,-0.6968,0
-0.0304,-1.8044,0.1389,-0.2617,0.1599,-0.0037,0.5925,-0.5567,1.0431,-0.3725,0.6140,-0.3795,1.2882,1.3270,0.4547,-1.6735,0.9668,1.4266,0.7018,3.2592,1
-0.1689,0.6682,-0.5026,-0.2420,-0.2017,-0.4541,1.1070,-1.0461,0.9486,0.6854,0.4427,0.4594,-0.0249,1.4322,-0.0153,0.8001,1.6760,0.6807,-0.1497,0.8702,1
1.0972,0.9022,0.0708,1.3022,1.0295,1.3308,0.9460,-0.2461,0.7953,1.1897,1.8859,1.1341,0.7646,-0.9826,1.8385,-0.0337,1.1431,-0.0937,-0.2954,-0.8725,1
-0.4861,1.4386,-0.9649,0.3137,1.1360,0.0554,-1.0617,1.7482,-0.5093,1.0712,1.3120,-0.3155,2.2915,1.1922,-0.7805,0.4666,0.6021,-1.1290,0.4352,-1.1065,1
-1.9555,2.3206,-0.3706,0.5530,-0.2902,-1.3113,-1.1113,-1.9288,0.7264,1.3007,4.6327,-1.4949,0.9154,1.4654,3.1005,1.0372,-4.5961,-0.4771,0.2744,-0.7620,0
-2.3275,0.8430,-3.6202,2.1738,-2.5256,3.9489,-1.4528,-1.1186,2.7656,-0.6253,-2.0685,-0.5298,1.8543,-0.3782,-0.4500,-1.5266,1.1054,-0.7409,-0.3026,2.0775,0
2.5653,1.1275,0.0535,-0.6404,-1.8346,-1.4478,1.3091,-0.1540,-1.7899,-0.4807,-3.1676,-4.2001,-2.9663,-1.6346,5.3010,1.0321,-4.4818,-0.5904,0.1443,-1.5731,0
-3.2119,-3.2775,-3.1690,-0.1145,-0.9335,0.4994,0.6276,-0.7586,1.0803,-1.0148,0.1487,1.3770,2.2604,-0.5837,-0.8696,0.2672,0.7755,-2.4188,5.3181,-0.4011,0
-0.6662,-0.3530,0.8362,-1.8466,-0.0128,-1.7792,1.5903,-0.1461,0.5197,1.3226,-0.6729,-0.7672,1.5828,-0.0173,-0.1628,0.9172,1.3642,-0.6225,0.5351,-0.7136,1
1.0922,0.1760,1.3835,0.5347,0.4593,0.9161,-0.0623,0.6334,2.1950,0.2160,1.4741,1.3224,-0.4751,0.8335,-0.3238,0.2084,-0.1077,-0.5325,0.0906,-0.3134,1
0.8387,-1.3940,-2.2357,1.2166,-0.6621,-2.5507,1.0117,1.9164,-2.0993,-2.7894,-2.2877,0.2663,-2.4770,1.2193,-0.7827,-2.4501,2.8227,-0.1343,-0.2038,-1.1783,0
1.4752,-0.2500,0.0207,1.5180,-0.8925,-0.0318,-0.4406,0.2376,1.2493,-0.2798,1.2215,0.6130,0.9956,1.2728,-0.2875,1.4942,-0.1167,-0.0691,-0.5804,1.7999,1
0.5269,1.7802,-0.8570,-0.3515,1.5120,0.9086,-1.4322,-2.1871,2.6253,0.0357,2.1655,-4.5427,0.6242,-0.3510,-0.7728,-1.5539,0.8948,3.2805,0.6099,-3.1083,0
2.6729,-0.6521,0.1844,-1.0975,0.0774,0.5592,-1.5871,0.7374,1.6682,-0.0538,0.7915,1.0546,0.5755,0.2481,1.1080,1.6166,-0.1097,0.6948,-0.6185,-0.5185,1
-3.8684,4.4126,-0.1946,0.1293,-0.4562,-3.7151,0.1622,-2.5494,3.0920,-0.7318,0.2673,2.6392,2.9834,-3.0446,-0.2053,1.4395,-1.6602,-1.3495,2.0497,-0.1278,0
1.8379,3.1129,-1.1688,2.3481,-2.1468,0.5614,0.0247,-1.3703,-0.5993,-1.4581,-0.6536,2.7850,0.3605,-0.0215,2.3702,-2.0993,-3.2557,-0.0089,-1.4083,-0.7782,0
0.4948,2.9748,2.3876,1.5862,-0.2678,-0.7027,0.8858,3.1667,4.1009,-0.0737,-2.2063,0.8688,1.3301,0.4235,0.4185,0.8843,3.4338,0.8385,-1.3968,-1.1241,0
-2.7929,-0.5232,0.0957,-0.8114,0.1658,1.3588,1.6012,-0.0467,-0.8145,-2.4695,0.7101,1.0324,0.4378,-0.3687,-3.1188,-0.1492,-0.8146,-0.4128,-0.7960,-0.1144,0
1.4759,-1.7480,-0.7078,0.7307,-0.1870,0.8480,0.2168,-0.1767,3.0693,-2.7750,0.7312,2.5567,-0.2501,-2.2053,-1.8663,-0.2879,-1.1362,0.1099,-1.8547,2.5815,0
3.2206,-0.0823,0.2172,0.0369,1.3959,-0.5311,-2.5034,0.5518,0.4430,0.5865,2.1564,-1.0872,1.6121,0.9227,-0.4800,0.9760,2.0903,-0.4147,-0.2551,1.0561,1
3.0733,-2.9844,-2.1319,-1.0328,-2.7613,-2.2281,1.2816,3.2095,4.1855,-1.5114,1.8044,0.0980,-4.6765,3.6296,4.4496,0.1556,0.8075,3.0446,-0.9756,-1.6085,0
-0.1531,-0.4583,-0.5244,-0.4276,0.8961,0.8422,1.3374,0.5777,2.1413,-1.3646,1.7710,1.7775,1.4559,-0.0147,1.0051,-2.0169,-0.2906,-1.6735,1.3291,1.8293,1
0.5064,-0.4095,0.1598,0.4625,0.1058,0.3913,-1.6017,0.6307,-1.1417,1.0744,1.6425,0.2930,1.8265,0.2611,-0.6049,2.0346,0.3891,0.8269,0.5788,-0.2239,1
-0.0340,-0.9361,0.9027,-0.2101,-0.4500,-1.9275,-0.8847,-2.0152,2.3255,1.1538,-2.3804,-0.8783,0.1548,-0.8196,1.7317,-0.0297,-2.2382,-0.0747,-0.8441,0.6373,0
1.2913,0.1478,1.2921,-0.5753,-1.3586,-1.2751,0.8221,-0.0426,-0.3546,-1.5891,0.4465,0.9155,1.2117,0.4654,0.1030,1.4343,1.5067,1.4407,0.4251,1.3806,1
-1.6959,0.4017,0.8930,1.7149,1.0854,0.5838,0.3704,0.8094,-0.1812,0.3960,2.7621,1.8498,-0.0291,0.6350,2.1807,0.8915,0.6201,0.1004,-1.7638,0.5800,1
0.4729,-1.1728,3.5521,1.1484,4.8430,-0.8945,1.4250,0.2305,-1.3432,1.2476,2.6269,1.2531,1.8387,0.1928,-2.6308,-2.2417,-1.0740,2.0057,-1.6644,-1.3907,0
-0.1944,-1.0937,-1.7161,1.5048,-0.9039,1.9121,-0.4395,4.0078,0.5091,-1.1716,-2.6382,1.1561,-1.3128,-1.1945,-1.2534,0.2729,0.5970,-1.5655,-1.4249,-1.7417,0
-0.1334,3.1259,-3.3716,0.8506,-0.9043,0.6959,-0.8497,4.7486,4.6823,1.2796,-0.9049,-3.4300,-1.6963,0.0751,-1.4222,1.6851,-0.3433,2.1197,-2.3608,-0.9715,0
0.6746,1.8503,3.1309,-0.9691,1.8940,0.3044,-0.7801,-2.0390,4.3285,2.3460,1.0404,3.1979,0.3578,1.5677,-0.2844,2.4383,1.1561,0.5274,0.6459,-1.2457,0
0.5066,1.5369,-0.7017,-0.5903,-0.5309,-1.3074,-0.8880,2.0918,0.3021,1.4338,0.4184,2.2815,-0.8816,1.1349,-0.4910,1.3147,-0.4588,0.6505,0.0922,0.2086,1
-0.7876,-1.3262,0.7498,2.5937,-0.0056,-0.4828,1.6161,0.1355,-0.6413,0.6881,-0.5073,0.5812,1.4949,1.4204,0.6871,0.7072,-1.0627,3.1618,-0.6453,0.1754,1
-0.8199,1.0984,0.1299,-1.4650,1.4978,-0.2995,-1.7024,-0.2583,-0.8753,0.3458,-0.0847,0.2397,0.2654,-0.2770,-0.2912,0.3483,-1.6795,-0.0408,0.4991,1.8981,1
1.6878,0.6075,1.9808,0.5971,1.1632,0.7143,4.9427,-2.1648,1.5677,1.7573,1.3087,4.5847,-1.5576,-0.2741,2.8772,1.1267,-0.0023,-1.7691,1.2609,-0.5042,0
-0.5064,-0.9348,-2.6282,2.8089,-1.3728,0.2802,4.6154,-0.7834,0.2684,-3.0047,0.1000,-1.5516,-0.5322,1.6302,-1.0388,5.9665,1.9576,-2.8254,1.9181,1.3920,0
-1.9823,-3.5112,-0.6346,0.8822,0.0619,-0.8576,-2.6253,0.3408,0.3769,-0.9361,-3.4729,0.6402,0.7351,-2.1005,2.1167,2.5189,-1.6246,2.5930,0.1461,2.0266,0
-0.6660,2.1602,0.6951,0.4436,-0.6957,-0.3155,-0.4025,-1.0809,0.4236,2.5532,-0.3743,0.3265,2.3976,-0.1518,-0.5275,1.5462,1.4607,0.0822,1.7510,0.3562,1
0.5003,-0.0125,1.6176,0.6065,0.3478,1.2547,1.7335,-0.4896,1.3336,-0.3696,0.6021,0.0978,-0.7922,0.0596,-0.8410,-0.2049,0.3787,-0.6707,0.7240,0.8522,1
0.4857,0.0953,0.1828,-0.0280,1.6955,0.6581,0.4887,0.6382,1.0744,1.1728,-0.5690,0.3259,0.0785,0.8911,0.6717,-0.3231,0.8679,0.0299,1.2037,-0.4758,1
0.9235,0.5274,-0.4749,0.7698,2.3715,1.3035,0.6582,0.1309,1.9090,0.3761,-1.5745,0.3890,-0.5420,1.3433,1.7567,0.3703,1.8366,0.6267,2.5083,1.4776,1
1.0539,0.5650,0.0608,-3.5132,-1.6992,0.6178,1.4633,1.3691,-1.5868,-3.7515,-0.0596,0.0268,0.3035,-1.1736,-4.1303,-3.2047,-1.1108,0.2310,-1.4348,-2.1527,0
0.2512,0.1572,-0.9680,-0.0480,-0.8767,0.2811,1.0992,-0.1673,-0.1207,1.8410,-0.4297,0.4922,1.1580,0.9500,-0.3493,0.6526,0.5498,-0.2753,-0.0181,-0.2389,1
1.0011,2.7228,-2.1216,0.0228,-2.3206,-0.4236,-0.3133,-0.7933,-0.2515,2.5652,3.4467,3.2328,-1.7963,-0.6671,-0.3953,0.6460,-2.0029,3.1021,-1.0002,-5.4641,0
0.8799,0.0846,-1.3774,-5.5147,2.6661,2.3511,-0.3513,0.4867,-0.9037,-1.2572,2.0543,-0.1223,0.3700,-1.9272,1.4716,2.4702,2.5424,0.7411,-3.2147,2.6596,0
-0.3987,-0.9835,2.4715,1.2044,2.9535,1.3817,-0.7197,1.0237,-0.3202,-0.0663,1.2033,-1.3079,0.7920,1.2934,-0.1724,-1.0160,1.3990,0.0089,0.3612,0.8681,1
1.0667,0.6068,-0.3080,1.1997,0.0920,1.6814,0.7769,0.6712,-0.1213,0.8013,-0.0761,0.5026,0.8571,-0.3667,1.7331,1.6740,1.1522,0.4567,-0.3124,0.3138,1
1.4039,0.8293,1.1677,1.8964,-0.4751,1.5266,0.5788,0.1749,-0.2197,0.1079,-0.0266,0.7015,2.8163,0.6423,-0.5744,0.6390,-0.3012,1.4585,0.5114,1.4991,1
-0.0810,-0.6954,-0.7123,1.2696,0.7696,0.0251,0.3732,-0.0725,1.0192,1.7547,-0.7748,0.6264,-0.2016,0.1667,0.7267,1.5044,-0.5417,1.3517,-0.1097,-1.3360,1
-0.6240,2.9500,-1.8697,-3.1529,0.7167,-0.9395,2.8150,2.6822,0.5284,1.6260,-1.8229,-2.4970,-0.2927,-0.8971,-2.6935,-0.2926,-1.2968,-0.7836,1.7389,-1.4651,0
-0.2573,0.2785,0.1563,-1.1024,-1.2772,-0.6770,-3.0942,1.0937,4.4458,0.4176,-2.3531,-4.8302,0.5995,1.3758,1.3228,-0.7132,-0.4103,2.0312,3.4259,1.5947,0
1.2988,2.3887,-0.8205,1.0972,1.0930,0.4653,-0.5322,-0.3363,0.2802,-0.5899,-0.2550,1.8387,1.9055,0.6647,-0.6908,-1.4784,-0.2618,1.2311,2.1753,-0.1161,1
-0.5038,-0.3853,-0.6670,-0.1532,-0.7587,-1.3241,-0.8640,-1.3460,-0.7907,1.0791,0.5586,0.4438,-0.1358,0.6377,-2.0511,1.5587,0.2236,-0.4146,-0.3012,-0.0303,1
0.6996,0.2056,-0.1090,0.3248,0.5566,2.8683,-2.7000,-0.5005,0.9289,0.1296,1.3318,-0.2409,1.2340,1.0541,0.8898,0.6030,-0.1192,-0.4896,0.9300,1.9919,1
1.4015,-0.8043,1.3269,2.1200,1.5751,1.3800,0.5175,-0.5013,0.9934,-1.3974,2.6246,0.9824,1.8790,0.5391,0.3229,-0.0524,0.9347,0.5446,-1.0204,-0.7864,1
0.3823,0.3160,1.2121,1.2173,-0.2790,-1.9809,1.1998,0.5085,-0.1208,-0.7691,0.3267,0.8392,0.1020,0.3811,0.0596,0.4706,2.1859,0.3523,1.8819,1.1701,1
-1.0805,2.1508,0.4682,-0.9644,1.1490,-0.0792,1.9267,-0.7397,1.9578,1.0754,-0.7864,1.7624,2.1104,2.4298,1.2545,-0.2280,1.0632,0.3495,1.2399,1.1153,1
1.5089,1.7627,-0.2322,-1.8849,5.7266,-2.7067,0.6447,2.5314,2.4711,-1.5714,-1.3534,-1.3660,-2.1674,1.0617,-0.6977,-1.5722,1.9798,2.7815,1.6942,2.0374,0
-0.5468,-6.8556,-3.4412,0.4972,0.5488,1.7664,-0.5605,-5.3355,0.8267,-0.2672,-1.9737,-3.8804,4.0648,-1.6225,-0.6105,-2.1105,1.0137,-2.7676,1.0391,-3.1188,0
1.1765,0.5835,-0.0533,0.4164,0.0134,0.2290,-2.6114,0.9906,1.5284,1.1288,-0.3121,-0.5742,1.4505,0.0759,-0.8258,-0.0321,0.0427,0.7589,-0.0355,-0.2939,1
0.7655,0.3063,-0.4146,2.0578,1.1695,0.3857,-0.9429,-1.9247,-0.1427,0.4577,-0.5255,-0.1607,-0.1191,1.1129,0.0766,0.6432,0.3606,0.0618,-0.1034,1.2230,1
0.3758,-0.2090,-0.7214,1.3905,-0.5746,0.5466,1.1213,0.8012,-0.0363,1.6737,-0.6639,-0.6763,-1.8884,0.2601,1.3797,-0.4200,0.8381,-0.4821,0.1285,-0.2081,1
-5.1580,-1.5378,-0.4184,-1.8733,1.1776,2.4637,-3.8775,-2.6590,2.5323,0.4011,3.2392,-0.8913,-2.0668,2.9578,-1.4714,1.4938,0.7370,-2.3120,0.2451,-1.4146,0
0.3842,-1.0692,-0.5894,-1.7612,0.6231,1.3106,0.1553,1.4797,-1.0561,0.5301,1.1186,-1.1484,0.2295,1.2696,0.7495,1.8913,1.7750,1.0625,1.1235,-2.1103,1
0.7455,-0.5436,-1.5125,0.8455,-0.2005,-0.2374,-0.8891,-1.1369,1.2047,0.4545,1.2211,0.1015,-0.3059,0.8885,0.6128,1.4475,0.6076,0.7855,1.3757,1.1559,1
2.7016,-3.3689,-0.0685,-1.7311,-3.3002,-1.1917,-2.0261,1.1995,0.7229,-5.2160,3.3688,-1.5018,-1.7585,-1.2100,-3.6160,2.0144,-2.3197,-0.7818,-1.6213,2.6439,0
-1.4100,0.1228,2.8576,2.3116,1.1264,1.0869,-0.1100,1.5123,1.3694,1.6226,0.6025,0.3107,0.1845,-2.4355,-0.3079,1.6010,2.7141,-2.1800,-3.3370,0.9449,0
1.5185,-0.8489,0.0416,2.8822,3.8433,-3.8621,-3.5147,-2.7295,-1.9875,-2.2082,-1.3749,-2.9225,-3.3729,-2.9111,2.7101,-1.3372,-1.6587,-3.9095,-1.3812,0.7028,0
-0.4022,-0.7512,-1.9944,1.2391,-3.1072,1.8069,2.7197,0.9000,2.8054,-1.7044,-0.6417,-1.1551,-1.0491,-0.0113,-1.3683,-0.6592,-1.3880,-0.6392,0.4732,2.2588,0
-0.6063,0.9938,0.5048,-0.5119,0.6099,1.4736,0.1839,-0.5153,0.3822,0.4997,1.3975,-0.5290,0.7942,-1.2805,2.0629,-0.4873,0.0090,0.5846,1.7623,0.1864,1
0.2152,1.1099,-0.1994,0.0525,-0.4689,-1.3626,-0.4831,1.9584,-0.8540,0.7843,-0.4611,0.4453,0.1052,0.9534,-0.8389,-0.9957,-0.4058,1.2316,-0.3596,-0.9157,1
-1.4349,-3.5690,-2.1976,-1.1201,4.7021,0.5649,-1.2364,-0.0736,-2.8964,0.5242,0.2791,-5.0904,4.8028,-1.8195,1.1126,0.4030,1.2215,0.4317,-1.5188,-0.1064,0
-2.4164,-0.1855,-0.6099,-2.0905,-4.1635,0.5855,-0.4068,-2.5386,-3.6747,2.9644,2.6202,-2.1816,0.2360,-0.3118,1.1056,-1.3658,-0.1357,1.2352,-4.5823,2.5296,0
1.8956,1.3812,0.3403,-0.1694,0.1100,-0.7002,0.2615,0.5158,1.8683,-0.2271,1.7161,0.4064,0.4915,-0.0254,0.8860,-0.6034,-0.6373,1.2156,1.6003,0.2885,1
-3.0531,-1.6640,-1.4319,2.4733,-1.7460,-0.7865,1.2241,5.0190,3.9295,1.9375,-1.7405,1.1860,-0.4133,-4.2585,0.0156,-0.2924,0.7755,1.0619,2.9765,0.9725,0
-1.2190,1.1008,-2.9877,0.3362,-1.5337,-0.7185,-0.6897,-0.3121,-0.0446,-0.5761,-0.0171,-0.1154,0.5257,-0.9651,-1.6326,-5.1224,-2.2165,-0.2215,0.4204,-2.5067,0
-2.7173,3.9419,-0.3736,-0.0289,0.8731,-0.9188,3.4747,-0.0386,2.6637,-0.9525,0.2227,-2.7343,2.5086,1.9188,-2.4876,1.4220,0.1723,-0.8207,-0.1503,-2.2178,0
0.9266,1.0782,-0.3431,1.4253,-1.2522,0.4444,-1.1650,0.2084,0.9508,0.3732,0.4638,-0.8946,1.1042,0.6405,-1.5100,-1.8539,-0.2577,0.8444,0.5145,2.9429,1
1.1982,0.1279,-0.1312,-0.2308,0.9293,0.2756,1.5275,0.0394,-0.0794,1.4086,1.4157,-0.7128,2.8311,-1.2908,1.6735,-1.4728,0.6739,0.0999,-0.6099,0.3761,1
0.5504,-1.1759,-0.0151,-0.3727,-3.4175,-0.9366,-0.3510,-0.5542,0.8651,-1.9301,-0.4525,1.4788,-1.0518,0.2799,-2.0902,2.4004,-1.6649,-1.5825,1.5683,-2.0583,0
0.9388,0.6216,0.4649,-0.0091,4.1573,2.7900,-0.5990,0.3609,2.9612,-1.2844,-0.7252,0.2932,0.6471,1.0943,0.8899,3.1833,-0.2307,-2.7550,0.7447,-2.1096,0
-2.0983,0.2944,4.7174,-2.1611,-0.7235,-0.9684,2.0139,1.9701,1.0573,-2.3296,1.2491,0.9276,-0.2985,-0.4763,0.1037,0.1336,0.9925,-1.0605,-0.5075,-1.3084,0
0.5199,1.7894,1.5703,1.2934,0.6718,1.8886,1.2343,0.3169,0.3890,1.3094,0.3779,0.0046,0.7290,0.1750,0.5831,0.6352,-1.2679,0.5839,0.9804,1.2463,1
0.0384,1.3239,-0.5465,0.4165,1.2392,-0.0878,0.8660,-0.6369,-0.0777,0.0030,-0.1937,-0.8513,0.8036,2.9853,-0.1326,0.2529,1.1506,2.6838,-1.2170,0.4056,1
-0.6289,-2.4974,-1.4630,-0.7169,-1.1841,-0.5917,0.6462,1.7460,-0.5388,0.2836,-1.0105,4.2548,-2.6137,-0.7886,-1.4513,1.0936,5.6791,-2.5446,-2.4862,-1.4566,0
0.4164,-2.2045,1.0836,3.1843,-3.4841,-0.3112,0.5010,1.9030,-1.2134,-0.7545,1.3088,-0.1200,-0.3276,-0.8745,-0.6151,-3.7504,-0.5713,-1.2077,3.7212,-0.5534,0
-2.0263,1.0785,4.6015,1.6400,-3.1814,-2.7584,0.0208,0.3040,1.7297,-4.2009,3.2363,-1.5022,1.2394,1.4842,-3.2130,4.1950,0.1570,2.0591,-0.9411,0.2984,0
-1.8302,-1.9102,-1.5976,2.0547,1.5715,0.5960,-0.9070,3.5203,0.0078,-0.9018,0.6521,2.9878,-0.5235,4.9028,-0.4883,-1.3954,1.4090,-0.0569,-0.8928,-3.4227,0
0.0429,1.3007,2.0535,-0.0731,0.0212,1.5298,0.3864,0.6653,1.3173,1.3321,-0.4873,-0.6165,1.0372,0.5491,-2.9800,0.8364,-0.1941,0.9448,0.8296,1.2621,1
-0.0112,0.0985,-4.2084,0.8113,1.4671,-1.5738,1.6895,1.8659,-2.2554,-3.7017,2.4033,2.4626,-1.9954,-0.6580,-1.6829,-0.2501,-1.9638,-2.2181,0.6906,2.5436,0
-1.6258,1.5917,2.4416,-2.2376,1.3310,-2.2807,-0.2519,-0.1677,2.3187,-0.5820,2.9023,0.7643,2.2522,2.5260,-1.6426,-0.8670,-4.8403,5.5062,0.5872,2.1230,0
1.5708,0.4197,-5.6276,-1.1527,-0.2487,1.2926,-1.0037,-2.0397,0.6322,-0.4786,-2.2366,-2.1958,-1.6821,1.9164,2.0482,0.7274,-3.2673,2.3952,-0.1982,-1.6380,0
-0.9861,0.6408,2.4831,0.8036,0.3453,0.3162,0.1076,0.1253,-0.1908,0.0815,2.0405,-0.2642,-0.5468,0.5132,0.9320,-1.0823,-0.0171,-1.1806,2.4550,2.5942,1
-1.8856,2.8264,3.4348,1.7526,-3.6025,0.0404,0.2269,0.8498,-1.5192,0.3307,0.1148,1.4617,-0.1138,2.1752,1.8845,-0.5490,-2.2314,-1.6890,1.8249,0.9010,0
-3.0659,-1.4441,1.7728,0.4012,1.2035,0.4140,-4.3403,2.3092,1.8887,-0.2621,-1.5490,2.0741,5.8696,1.0418,-2.0163,1.5160,-1.0156,-2.4712,2.6614,0.2915,0
-0.0206,0.2820,2.1597,1.1786,1.0687,-0.1933,0.4233,-0.2023,0.5035,0.0357,0.7902,-0.2044,-0.1235,-1.8408,1.2871,0.2381,0.1547,0.1870,1.2235,1.4789,1
-0.3764,-1.6404,1.1733,0.2451,-0.2377,1.3070,0.9247,2.5041,1.0211,1.7295,-0.0967,1.0245,-0.3640,0.4211,0.5245,0.7524,-0.4709,0.5550,4.3542,1.0243,1
-0.6089,-0.2199,-0.1661,1.5834,-0.0064,-0.0190,1.8130,-0.1104,-0.2585,0.0812,0.3090,-0.1807,-0.1318,0.3963,1.3302,1.5788,1.4488,0.8528,1.8982,1.4959,1
1.1958,-1.4461,0.4621,2.7624,-2.3339,2.8914,-1.6126,1.4035,0.7634,4.7471,1.6903,0.9907,-3.1850,1.6430,-0.2051,-1.5863,-0.6262,1.1040,0.6716,-0.4002,0
-1.5116,-3.3303,1.0001,-0.9910,2.1964,0.8258,-1.8705,-3.2173,4.4078,1.1262,0.7204,-1.8246,2.4985,0.1359,-1.2479,-0.5939,-1.1960,-5.7365,0.1121,-2.1754,0
3.2291,1.3881,-1.2478,1.0436,2.8655,2.1809,-1.7074,-0.3703,1.0961,3.1410,0.4980,-0.3600,-0.3467,-0.1020,-2.0318,-0.6084,0.4487,-0.1381,-2.7531,-0.0879,0
1.2247,0.3715,-0.0444,-0.4805,2.4515,-2.9851,0.9759,1.0274,3.2572,-1.1430,-0.7941,-1.6448,0.7806,-1.0805,1.6015,0.3646,2.1552,-2.4124,-2.1563,1.1280,0
0.5520,0.9048,-0.2331,-1.5950,0.1906,1.2964,1.1561,-0.4000,0.5158,0.1647,-0.2335,0.1544,0.9035,0.1958,2.2443,-0.7693,2.9919,1.1510,0.7303,0.7241,1
2.2121,-1.3989,1.6590,-1.4787,-0.9500,0.9760,0.0904,0.0802,0.6746,0.5085,-0.9914,2.2827,-0.2902,-0.4844,1.2642,-0.7121,1.2074,-1.9179,-0.2866,1.6920,1
-3.0570,0.7937,4.8523,-0.4995,3.7023,3.1495,0.3120,0.0837,-3.6591,-1.4463,1.5779,0.9204,2.2636,0.2059,0.8816,-1.3651,1.5780,1.1154,-1.1062,0.3956,0
1.0867,-0.1451,0.1788,2.6841,0.8915,-0.7445,0.5196,1.0083,0.8119,-0.0782,-0.4162,1.6663,0.5534,-1.2700,0.8038,-0.8255,0.2287,-0.1189,-0.1170,0.3627,1
0.9568,-0.0029,-0.1336,1.1583,-1.2059,0.9329,0.1259,0.2143,0.5042,0.0055,-1.4220,-0.7930,1.8164,1.0592,-1.0678,0.3941,0.4923,0.3420,0.2122,2.0112,1
-0.6084,0.3987,1.9127,1.0859,1.1521,0.8103,-1.0310,-0.6637,0.7769,1.1581,1.7271,1.1037,-1.2353,0.6032,-1.3005,1.4780,1.3235,-1.2850,0.1413,-0.1360,1
0.6065,0.8644,0.1543,0.6175,-0.0773,-0.4612,-1.0134,-0.5684,1.2467,1.1249,2.1693,-0.9540,-1.2011,0.0821,-0.3384,0.4553,-0.0129,-1.6335,2.1221,0.6297,1
0.3020,1.4468,0.0574,1.0115,0.7782,1.4196,0.1169,-0.3145,-0.1957,0.2592,-0.0634,1.2865,0.4087,0.8798,-0.8268,0.7708,0.6527,1.3196,-2.1073,-1.2496,1
-0.6789,0.6206,-1.7069,-0.6503,1.5243,0.5469,2.5160,-0.0731,0.9931,-1.3386,-3.1873,2.4434,-3.9228,-3.1121,3.5397,0.7380,-0.1495,-0.6872,-0.7418,3.5961,0
-2.5450,1.6884,5.5110,-2.2286,-0.5676,1.5902,0.5795,1.7147,-4.5940,-0.5004,1.1327,1.9814,1.6020,-4.9779,-0.7909,1.0748,-1.5890,-0.8603,-4.0302,-2.8844,0
2.5388,-0.3239,-1.5809,1.5241,1.0972,0.0645,1.5451,-0.0973,0.1998,0.3047,-0.2937,-0.4164,-0.5003,0.3519,0.4451,0.2956,0.3495,-1.6239,0.1025,0.2276,1
-1.8025,-1.9896,-1.8712,-1.4732,-0.8200,0.8889,-0.9086,0.2506,-3.3496,1.5330,2.4229,-1.7852,1.8625,-0.2852,0.6908,-0.8335,-1.6057,1.5216,1.3454,2.1477,0
0.2001,1.5840,-0.1947,-0.9786,0.5113,-0.3547,0.8138,2.2667,0.1196,-0.9474,3.6424,-1.9013,1.2510,0.1080,-1.1283,1.5884,-0.1334,1.7971,-0.5747,-2.3202,0
1.0155,0.7302,-0.6671,1.8225,-1.8751,1.1554,1.7102,-5.2227,1.7179,-3.3071,1.0161,2.0843,-0.1870,2.3986,-1.9475,0.0838,3.0509,-1.1127,1.7569,-0.1217,0
0.8097,1.7250,1.3097,-1.4103,0.1282,0.3494,2.6653,1.6746,2.4621,1.7982,0.6939,-0.7052,-0.2102,-0.1262,1.2863,-0.0878,0.9383,1.7970,0.7593,0.8627,1
-0.4633,-0.6922,1.0202,-2.9034,-1.3584,1.0316,-2.3374,3.0087,-2.7665,-2.2235,-2.7116,3.1937,-1.1988,-0.7797,-2.7559,-0.0414,2.4029,-0.9947,-1.2553,-0.5320,0
-0.8661,-0.1257,0.0413,2.3931,2.1114,-0.9504,-1.2985,-4.0072,0.5918,2.0612,1.3364,1.6182,-3.7840,-0.2363,-0.5536,0.7760,-0.9210,0.8037,-1.2247,-1.5991,0
-0.8444,2.4859,3.0829,-3.0546,1.8082,2.3634,1.2781,-1.0002,0.0624,0.4883,-0.9616,-0.5524,-0.1045,2.0978,-1.8295,-0.7289,-0.5034,-4.8285,-3.6745,0.9878,0
0.0494,-2.2134,-0.5179,0.6076,-1.0538,1.1371,4.7639,-1.5611,-0.5429,-1.0162,-1.0279,4.1120,0.7401,0.5632,-3.7197,-0.8610,-0.8742,0.8055,1.2229,2.4217,0
-2.3476,-2.1770,2.1862,-2.9870,3.4643,0.1468,3.8171,0.6975,-2.7193,-0.8857,-3.1865,2.2124,-1.9869,3.8422,3.3999,-1.7662,1.3252,2.3604,-0.0573,-2.2513,0
