0.509429131,0.242925562,-0.06056828,0.879613627,0.90447011,-1.524027034,-2.208746043,-0.06507032,-0.988542635,1.34901446,1.125742839,-0.414758043,0.114386983,0.506729729,-1.111159748,2.92615994,0.36421025,0.66635972,0.422780895,0.264491919,1
0.683895002,-0.405134623,-0.72499730,-1.124866624,-0.42248515,-0.617050648,-0.003491974,0.60876041,0.466536516,-2.73588318,0.621457169,1.099606985,0.749580406,0.352274258,-0.373908425,-0.570337122,-0.14683751,-0.474712809,0.133643926,-0.914905753,2
-0.342339194,0.627375435,-0.62166810,0.544386117,-1.17147315,0.490672485,-0.258890378,1.70686473,-0.892852148,-1.17710523,2.119523028,-1.093849646,0.774819237,0.817416254,1.790827632,1.96123217,-0.1639507,1.687616926,-0.041467183,-0.310947083,1
0.624297077,-1.252511188,-0.81798170,0.536323567,1.35322857,-1.329318362,1.495732896,0.09520335,0.975764312,-0.51015541,0.337051566,0.054278534,0.220827465,0.575556333,-0.249491246,-0.187444153,0.26381225,-0.641955378,1.890835053,-0.92455847,2
-0.31353096,0.346600539,0.12283710,1.166125944,-0.02491657,0.677241083,-0.109344752,0.78513109,-0.091891051,0.16346652,0.464569629,-0.305947788,-0.493222003,1.365960206,0.104109428,2.594600101,0.05218661,-0.411659469,0.501496949,-0.978400672,1
2.21941367,-1.697887809,0.21662170,-0.343384065,1.98619181,-0.700256147,0.002177714,0.38743816,1.342151599,0.27391323,1.033998633,0.014883869,-0.305430281,-0.35232813,2.233686578,-1.764079817,0.31763316,-0.951943892,-1.144875345,-0.313850213,2
-1.449222222,-1.022934226,0.66313650,0.180761495,1.03703984,0.308330508,0.966443129,0.9093958,2.145717869,1.26435614,0.472576369,1.407024435,1.631866983,-1.007171904,1.889706098,-0.494359328,1.12469488,0.794402141,2.247189453,-0.168357891,1
0.628989207,-0.642925495,0.05061466,-0.347254276,2.16561833,-0.462601431,1.990796961,0.34122841,-0.586645712,0.05990422,0.804627769,-0.589372912,0.31729483,0.10037358,1.562989139,0.754017507,-0.98269213,-1.044810086,-0.141046339,1.166173705,2
-1.371591654,-1.704029482,-0.61058980,-0.617273545,0.442558,-0.807870397,0.293037824,-1.46202101,-1.201498697,-2.54068155,-0.570014717,1.132467778,0.342805406,0.208013618,0.24244561,-1.038167024,1.15331517,-0.090996486,-0.522399676,-1.3521628,2
1.054751668,0.732786448,-0.13107710,0.108281217,-0.04384113,-1.219286539,0.463772886,-0.98829766,-0.415362748,-0.78564166,-0.374570033,-0.588615123,-0.394139352,0.833167767,-0.965020833,1.318296912,0.37823905,-0.130367249,0.080053286,-0.041469199,2
0.319142404,-0.265489852,1.47581200,-2.332054649,-0.87798379,-1.33695989,-0.20603427,0.33250038,1.042084914,-0.17083573,-0.14498875,0.639422622,0.924417456,-0.11550727,-0.233178911,0.061441235,0.78280089,-0.908460076,0.799966486,-1.586799627,2
0.768136431,0.64555452,-0.80410300,-0.676431375,-1.65325629,-2.30232137,0.494543484,-0.35582061,-1.6589192,1.14724289,-0.412043106,0.716390185,-0.997724664,-0.129645318,-1.159826163,-0.737214747,-0.37842163,0.518309266,0.451498526,-0.172855133,1
-1.560581895,-0.896618025,-1.11574000,-2.078562759,0.27843961,0.709462194,-0.997589935,-1.19776158,-1.498924137,0.69768653,0.459346113,-0.632577269,0.384409624,-1.55126288,-1.707358215,-1.209557411,0.17207821,-1.945450472,-0.274341385,-0.044208653,1
1.268972846,-0.837488525,0.57746250,1.087193201,1.466754,0.216781183,0.266231839,-0.73947968,-1.226540754,-1.01426236,1.898908797,-0.199160558,-0.39742865,1.316410422,0.50090836,0.848103335,0.47585501,1.678398828,0.482064679,-1.541881855,2
-0.988999442,-1.744540654,-2.47304600,-0.612936524,-0.63188429,0.914852465,-1.005860609,-1.69633729,-1.996830171,-0.06022167,-2.450185134,-0.956523365,0.205461719,0.14143587,0.685485057,-0.581539703,-0.07032545,0.597104984,0.052518973,1.28315852,1
-0.721879854,-0.386752078,-1.11417000,-2.314470286,-2.38618831,-1.512013691,0.465959001,-0.62352939,-0.283435178,-1.50850732,1.532697162,-1.324573282,-0.919735596,-0.95468532,-0.230903667,0.245632842,-0.78160751,-1.200979814,-0.727830526,-0.350050441,1
1.211584882,-1.576787841,-0.30557310,0.366992773,0.00102797,-0.866099219,-1.105011168,0.34987313,-1.818217638,-0.37824526,-0.974739719,-2.094654564,1.423751102,0.290154835,-1.578834441,-0.086141403,0.66909394,-1.500574296,-2.004041226,-0.502510589,1
-0.586388508,2.004321732,-0.13852320,0.550885494,0.60527729,-1.332629477,0.774964908,0.22606387,-0.281734323,-0.03451274,-0.961587204,-0.275464614,-0.154447821,-0.961574337,0.987990355,-0.606943861,-1.89617317,-0.202635715,0.198283649,-2.109572701,1
0.422902741,0.451357158,0.48316290,-1.463480347,-0.59416691,-1.299321165,0.662103839,0.47314543,-0.832696317,-1.45359434,0.171357872,1.770166649,1.158266316,-2.255522868,0.306342406,0.047644726,1.41265119,-1.115004218,0.940589639,0.285637123,2
1.329431601,0.62050922,1.07511800,-0.143656223,0.02705004,0.675480624,-0.334273369,-0.04377139,0.193708215,2.56750246,0.700493167,-1.025472048,-0.589927636,0.095755343,0.808419895,-1.416194817,1.82446008,0.479599823,0.732700823,-1.782314856,1
0.629028481,0.270589908,0.37266080,-0.527139011,0.05362903,-2.228975336,0.662732368,-0.0548291,0.961325431,-0.51276012,0.20198764,0.162662884,0.064975472,1.147163171,2.177560908,-0.112220378,1.99332729,0.687265865,1.010698605,-0.438363513,2
-0.055050731,0.221322936,0.01217366,-1.497630232,1.55406162,-2.116749687,-0.436762274,0.60387935,-1.761190351,-1.24660073,0.662650035,0.531864293,0.061652231,1.886147306,-0.677380031,-0.702786489,-1.5190222,0.997883263,0.813214304,-1.044282647,2
0.225519085,1.494656876,0.24478750,-1.863949212,0.67447236,-0.547855909,-1.628900157,1.65634455,-0.181671157,1.03112572,-0.686320392,-0.357460623,-0.444406338,-0.674433119,1.86475963,-0.583443845,0.28836506,-2.325545699,-0.955722569,1.395946187,1
0.690376376,-1.68893995,-0.24256980,0.003030297,-0.48545381,2.152648751,-1.199243106,1.68319841,0.149447796,-0.87408799,0.757350279,-0.391655016,0.045037925,0.856384785,-0.509979244,-1.296118748,2.19253905,-0.237244419,0.468713829,-1.268207379,2
1.092161611,1.003413501,1.13487100,0.633846428,-0.67724864,0.380628602,0.448001496,0.69986142,-1.42995615,1.40354984,0.55144466,0.133002256,0.610060621,0.676464864,0.57591184,-0.944420785,3.00973471,-1.03744457,1.084388787,0.074045222,1
-1.028123387,-0.4501152,-0.05777955,-2.267002016,0.46440974,-0.809578011,1.688043242,-1.15734136,-1.196990098,-0.5119401,-1.430054653,-0.380195009,0.810071525,-0.533251,-2.287824224,1.83816672,-1.08911596,0.253309915,-0.00425895,-0.935327207,1
0.376581166,1.382161574,0.45781790,-0.037051049,0.45054208,-1.333887388,-0.156045889,-1.109602,1.150878659,-0.28868055,-0.191235096,0.075593578,0.041397754,-1.093271338,0.315494507,0.652822726,0.86902622,0.079367374,1.28136086,-1.32245705,2
0.588338481,1.705343383,-0.51621640,1.052915575,0.96350106,-1.198974396,-0.951241854,0.95026919,0.656542276,0.3656686,0.222914385,-0.031783662,0.058530033,0.017466636,3.264486104,-0.393682738,0.40458202,-0.615714348,1.273487544,1.036755824,1
-1.307638568,2.789620845,-0.61982340,-0.105392007,0.87460693,0.651218591,0.850951009,1.56179067,-0.35825666,-0.33447173,0.711697984,3.508186811,0.027390662,0.349773524,0.835339511,0.872830975,-0.07685691,1.463262139,-0.376531349,0.581444909,1
2.11982285,-1.078454159,1.59123600,0.814565228,-0.26346593,-1.36497855,1.145477658,-0.12122173,-0.058144875,-0.42993476,2.775047166,1.40684013,1.234333119,-0.469145984,1.72444486,-0.073849692,0.05903379,0.371715428,0.809894825,-0.733612646,2
0.777129766,-0.504087763,0.19164300,0.13085019,0.47170147,-0.919934284,1.953213319,0.60515099,0.830801892,0.21852729,1.287130158,-0.699917446,-0.686906043,-1.504972761,0.44945655,0.330538797,0.41701998,-1.539048279,1.32043456,-0.38344121,2
0.140179422,1.111592516,0.32007000,-1.209070069,-0.35688335,-0.878924941,2.199410698,0.31247179,0.23792029,-1.0951902,0.325114815,-1.85596645,1.631084631,0.837065401,-0.370081115,1.309941915,0.82747076,-1.526507153,-0.322485388,0.069522012,2
-0.339233329,1.305687859,2.25614900,1.934017743,0.4945944,1.280910572,2.091918762,1.11231528,-0.101542431,0.05302427,-0.177183682,-0.285990492,-0.247521642,-1.831921442,0.793719739,-0.246162523,0.72996831,0.781021794,-0.684321342,0.757722075,1
-1.169186955,0.144902045,0.57408500,-0.999658786,2.32169808,0.139453957,1.705869773,-0.85190122,1.450720407,-0.02414172,0.980580693,-0.789238706,-2.11392599,-0.622307617,-0.411527853,-2.203640209,0.18420459,-0.891848759,0.54191386,-1.268206349,2
-2.590731199,-1.038858063,0.26536270,-0.206496591,0.18758634,1.016927066,-1.6291718,-0.24316307,1.23829594,0.01011858,-0.807206369,-1.466271307,-0.699811493,-0.73315091,-0.490126956,-0.849036444,1.08727726,-1.590297592,-1.382090075,-0.060551818,1
-0.651530755,-0.082973649,-0.52514800,1.177264945,-1.22259685,0.700028547,-1.219437466,-0.39380547,1.752767815,0.16563157,-0.507846157,-0.879904272,1.244499087,-0.235955912,0.55511877,0.136017455,0.13008819,0.301236761,1.497703779,0.364887352,2
0.10174363,-1.282196385,0.39546450,1.299835191,1.0414535,-0.489099001,1.552138202,-0.88364194,1.667966339,0.20478254,0.488835666,1.035347147,0.972196482,0.605303975,0.058182561,-0.09725898,0.41085103,1.272474764,0.415047197,0.592309471,1
0.838957252,0.928293156,0.88535170,-0.540971629,-0.49057502,-0.059751406,-1.509007984,0.13085776,0.258535267,-0.99154209,1.640917881,-0.643924762,-0.467928912,-1.21095747,-0.935323643,-0.029440411,0.72202287,-1.497774916,-0.174531685,-0.25803896,2
-0.96478192,-0.840026259,-1.13853600,1.119073443,0.21136738,-1.496458572,-3.145917688,-1.33008609,0.197920112,-1.06323403,-1.302312471,-1.606567711,-1.147241569,0.149784931,0.492270823,-0.055258885,-0.88876895,-0.483577938,1.014645064,-1.123370091,1
0.859839923,-1.819966812,0.74241950,1.085697673,0.36162087,-0.228397893,-1.581474518,-0.09385775,-1.025671592,-0.96495333,1.823189428,-0.579000619,0.256781663,-1.471565014,0.888105392,-1.46370484,-1.18319817,-1.740051893,1.467169995,0.742142691,2
0.076992308,-0.734521021,0.57629420,-1.314266889,0.96654765,0.983315151,-0.498992535,1.40564909,-0.39193086,-1.06149807,1.033437137,0.272712522,1.730806964,0.341563041,2.519002397,2.874378258,-1.73272015,-0.256185506,1.510704907,1.564910555,1
-0.070775239,0.916890227,0.58472920,1.702589279,0.0882597,-0.011141734,0.753036591,-1.06882206,-0.480438756,1.43785781,1.016379547,0.547274616,-0.54079743,1.077759339,1.243802563,0.761338304,1.18440665,1.143478709,1.842002882,-1.000706317,1
-0.711535309,0.493867597,-0.34883580,-0.202680025,0.60454268,-0.26434019,-0.780006974,-2.24879153,-1.408820787,-0.21513783,1.00236127,-0.874139938,-0.502609697,0.754149582,0.184093511,-1.444369923,-1.51625671,-1.055955413,0.252009497,-1.607459488,1
0.280845169,0.131895465,1.89452700,-1.403908681,1.30715446,-1.07576945,0.587736284,1.19931123,0.088140177,0.24523145,-0.027765267,-0.317650067,-0.487181068,-1.458944615,-0.606611116,0.564488517,0.92705483,0.06597338,0.394351297,-0.442350406,2
0.014324666,-1.361357674,-0.20865420,-0.178999544,1.78951912,-0.597421902,-0.153499329,-0.81731645,1.894044751,-0.29802523,-0.454062949,-0.70150281,-0.116467327,0.621773417,-0.227366371,-0.702345126,0.93044044,-0.862920143,1.383478282,-2.002347628,2
-1.447273434,-1.948617365,0.10374680,1.471553774,-0.64950965,-0.316514484,-1.174968549,-0.04264194,-1.563147679,-0.37594419,-0.835976209,0.061182601,-1.415048497,-0.411647282,0.842116602,-0.69831898,-0.97939708,-0.715612691,0.319293107,-1.748101149,1
-1.957078068,-1.248584949,1.09717300,0.224185413,-0.26564744,-1.286961039,0.554524895,-0.7583935,-1.578239039,-0.93523364,0.975883721,-1.017962301,0.521006982,-1.255076651,0.916328629,-1.820100112,0.10675646,0.291209399,0.018472409,-0.840200024,2
2.070123776,-0.453866932,1.16013900,-0.118411303,0.31194972,0.746734903,-0.949607226,0.80689426,0.867780101,-0.68047674,0.013407046,-0.218035788,1.594459717,1.787358543,1.804317183,1.30899276,2.0960863,1.427699141,3.068757685,-0.026733841,1
0.510574814,0.903448589,1.86052800,-0.145631376,0.01109585,0.360148738,-0.68533601,-1.74834179,2.158248589,0.65492321,0.86113987,-0.579718915,0.464632967,0.093834392,0.160556771,1.078898253,0.92745099,0.301451988,0.19194632,-0.12933752,1
0.085804875,-1.885089228,-1.68594500,0.942797527,-1.18391218,-1.330407743,1.381027908,-0.47266116,0.405119485,-0.72007616,1.183550574,-2.5636824,0.657936463,-0.554488449,-0.739049612,-0.846909323,2.28841701,-1.690472905,-0.16540215,-0.626506483,2
0.023854761,-1.039993867,0.58736990,-0.014212024,0.85094542,-1.591291729,-0.04705723,-1.0307936,0.696858041,0.85461652,0.828329907,-0.830143538,1.007670888,-1.562686325,-0.340106902,-1.716640807,0.50785133,0.669501372,1.33524406,0.425365448,2
0.215908313,-0.445360924,0.35192460,-0.758516578,-1.39815005,-0.743362245,0.64321555,-0.49115363,-2.235977972,-0.81148812,-2.104292523,-0.491802899,-0.661339333,0.608696717,-0.419936094,-1.003480411,0.16286983,-0.665088439,0.733096664,-0.538173064,1
1.726794426,-0.049202747,1.75205700,0.196961358,1.02618486,1.370673031,2.189516455,1.00005941,0.430960921,-2.13147822,0.446814807,0.818268405,1.418318475,-2.28865222,-0.11414205,-0.250119972,0.37147245,1.395852356,-1.517199823,-0.817500533,1
0.42891288,0.214639068,0.34262010,0.69291787,-1.11592259,-1.039727856,0.590533167,-0.04709925,-2.118098679,-0.17743525,-0.995711603,-1.99238423,1.493733121,-1.526672781,-0.558170751,-0.578838134,-0.17206958,-1.256605443,-1.029141903,-1.807463998,1
-0.069756198,-1.482072266,1.10466700,-0.465927752,1.7195065,-0.019358246,1.466156935,-0.16700274,1.622943491,-0.7703525,0.034365986,1.629988892,0.049396997,0.935573871,-0.081209439,0.593045227,1.52943593,0.675372791,0.757489527,-0.447285765,2
0.746665315,0.327365729,-1.69912900,0.362756929,1.50014797,-0.117569087,0.446046315,1.27482341,-1.257012402,0.69605797,-0.607523349,1.141400637,0.268615625,0.289801115,-0.098249496,1.413301907,-1.05298583,1.970903896,-1.343849318,0.137005903,1
2.194118638,-1.344098634,0.25908870,-0.381874049,0.32653634,-1.106387515,-0.89862521,-0.83833906,1.31033943,0.07008256,1.388139579,-1.280646674,0.230589832,-0.126513793,-0.233049534,-0.602825645,0.0447767,-1.633533321,-0.764165287,0.49651166,2
-0.43153657,-2.455772493,0.55684820,0.020721209,-0.16476253,-0.735060821,-0.86393534,-0.64286176,0.136697187,0.26735352,-1.191801213,0.463975582,-1.741834705,1.616288674,-0.292603728,-2.306031334,0.41450314,-0.468605454,-1.956839291,-0.296014015,1
-0.329249357,-1.174337666,1.92113700,0.560457486,-1.10716799,-1.08407353,-0.313389283,-1.48765478,-0.219597813,-0.48966799,-1.075754875,-1.080086854,2.078029017,0.371586127,-1.028714399,-0.071044409,0.86572816,0.440875088,-0.19570066,1.17336426,2
2.415161538,-1.128210511,-0.83744470,-0.356062641,0.65997414,0.642768214,0.80666279,0.55966495,1.087251871,-0.79399346,-0.342261132,0.499080252,1.772401839,-0.525528716,-0.134193858,-1.138813371,-0.57668813,1.075229168,-0.549903235,0.091756411,2
2.171380481,0.174571286,1.09146900,0.61717468,1.35452585,-2.118070509,1.306722474,-0.70861786,1.305797374,-1.60454452,-0.036214556,-0.827607309,1.676546059,-0.62090921,2.337454019,-0.557193453,0.05459036,-2.300316708,-1.326144848,-1.076572186,2
0.423048219,-1.119955873,0.26685610,-1.207574948,-0.90230186,0.487948525,1.411655698,-0.57183465,0.542654512,0.89698862,1.738007819,1.053060535,-0.23815618,-0.065962393,0.417142909,-0.05680766,1.60847574,-0.526427058,-0.085019095,-0.820524223,2
0.454651351,-0.79580413,-1.38524300,0.026467167,2.13979602,-0.281176092,-1.204169263,-1.62985829,1.284386032,0.15036634,0.70323923,-2.222484158,1.402287279,0.336911334,-0.336923263,-0.355110064,0.25576349,-0.432521045,0.823997645,-1.747488612,2
0.914265406,-0.827038897,1.74504800,-0.237569519,0.93737961,0.302770038,0.33071312,-0.25527623,0.110596566,-3.26944571,0.897331577,-1.691546769,2.234585903,-1.303436466,0.22037579,-0.013847503,1.16497592,-0.808693505,1.086881606,-0.927607914,2
0.179055838,0.048407365,2.11103700,-0.140356366,-0.56215202,0.121259483,-0.577579795,-0.90410466,2.272165904,1.48765035,1.631340712,0.088474603,0.528138319,-0.145341556,2.489045338,0.043840123,1.87398413,-0.785535068,-0.323874023,-0.381775889,2
-1.119261215,1.520529068,0.00487653,1.89503426,-0.26598392,-0.891120499,-0.043085819,1.71073617,0.521211471,-0.47258514,0.35270669,0.956657779,0.323772605,1.727621601,0.01985865,0.24956356,0.95041191,2.38930701,-0.967060398,-1.116363831,1
2.240122123,-0.793998466,1.75850800,-0.490980403,0.4124548,0.876876402,1.772073224,-0.13338775,0.773041751,0.26617188,0.216571824,2.755329652,1.105933151,-0.3648827,-0.259018227,-0.681468216,0.31385358,-0.271843479,0.065301824,1.915311456,1
1.286619398,-0.513524481,0.90177040,0.099795418,0.59555154,0.310081988,-0.52815997,-1.49328925,-0.889970621,-1.09861935,-0.311685039,-1.724752079,0.012666783,-1.852076329,2.236935299,-0.531019425,-0.18710065,-0.873558254,-1.267917292,0.435089592,2
-1.392551376,-1.530417544,-0.62748250,-0.48405252,0.13369189,0.389237422,0.220336889,-0.76378223,-0.989667321,-2.00549254,0.165327745,-0.341859382,-0.769148454,-1.831645275,1.007547207,-0.398273545,0.35822364,-0.740655323,0.288410213,-0.401944929,2
-0.447371691,0.696097586,0.09909688,-0.846241189,1.57722444,-1.113879852,0.164856401,-0.21295807,-0.073345934,-1.86651202,0.057246894,-1.016344824,-1.67552623,-1.676190368,0.480499676,-0.938984317,-1.08917372,-1.790855311,-0.316025302,-1.544326099,1
-1.489039328,-0.228245869,-1.02852800,1.619613574,-0.26963788,0.236157843,-0.111133574,-0.61451128,-1.122172129,-0.22400959,-0.188813325,0.389521184,-1.156405662,-0.787668374,-2.870430626,-0.234176336,-0.46316055,0.690135213,-0.789842999,0.4499383,1
-0.584071745,-0.713314503,-1.24045700,-2.394507004,-0.7701742,-0.332284764,0.03112224,1.63051218,0.352692066,1.0138321,-1.09303887,-1.3387796,-1.024233827,0.544846317,-0.517436873,-0.578999705,-0.0820826,-0.306125689,-1.076779706,-0.097601235,1
-1.468805093,-1.539443648,-1.94258400,0.989369852,-0.32621078,-0.752768717,-1.014770396,0.08573613,1.316870704,-0.12367676,-0.639824181,-0.509438325,-0.968803838,0.319861703,-0.7098413,1.733632331,0.05892194,-1.335224103,-1.035761101,1.375200162,1
-0.40276895,1.120263477,0.46993750,-1.561285105,-0.32773344,1.418310802,0.324044436,1.20619416,-2.029679871,-2.32766413,-0.515856533,1.101296757,-1.658052067,-0.498476798,1.386965286,-2.373408129,-1.19869113,0.017953046,-1.13872235,-0.592490069,1
0.769330512,-0.004116327,-0.50380500,-0.140515654,1.31559234,0.108782386,1.215984364,0.43171327,1.413368415,-1.13640416,1.657112913,-0.289184054,-0.510410798,-1.650072147,1.971914226,-0.152080551,0.71853728,-1.202504221,0.248910525,-0.767291905,2
3.371602006,0.794216879,0.78907150,0.332689821,-0.34141137,1.113999242,0.940519022,1.55908008,0.896958529,0.22219591,-0.049079403,-0.055013261,0.803613191,-0.023357534,-2.095325589,-0.377808686,0.21988924,0.085092512,2.022134806,1.254189738,1
0.674808578,1.278109045,1.13256400,-1.482734436,0.25359688,-2.283841556,-0.649257509,-1.21580105,-0.726560729,-0.61472229,-0.606109931,-0.198179348,-0.36271656,-1.670265937,0.2813393,-1.134144498,2.53609612,-0.569211214,-0.285225536,-0.430933075,2
1.185967849,-0.018881573,1.40659800,1.092813965,1.7280962,-1.093898385,0.54973692,-0.76766233,-0.171595339,-0.82861647,3.175284875,-2.304108427,-0.6532806,-1.042435165,0.439048522,-1.281714066,-0.26570445,-1.336551663,0.022783097,-1.052486298,2
-1.234342285,1.842910163,1.07797200,-1.30613853,-0.06709597,0.813711614,1.188884011,1.20043389,0.336794828,-0.19820214,0.358805092,0.059442864,1.882504339,-1.230413793,0.770266404,-1.071505975,-0.88331761,-0.490627293,1.712044404,1.014713146,2
-0.639759611,-0.693554414,0.29214990,-1.44048461,2.47205788,0.76526568,1.877114289,-0.49240148,-0.735173456,-1.44057385,0.963904363,2.271733684,0.415976688,0.353490198,0.394394147,-0.323773097,1.04259044,0.840983112,0.052149367,-1.51304066,2
2.261711207,1.115922989,0.17277990,-0.836382049,0.42623867,0.260252418,1.186730606,-0.38161752,0.627693608,1.09099421,0.682026202,0.007605876,-0.774277732,1.481791943,0.380110029,0.588768151,1.76389965,0.232063579,-1.010132102,1.283504838,1
0.440871278,-1.054717412,1.62733700,1.168025821,0.80464977,-0.79108147,-0.242455148,0.0261798,-0.051735593,-2.10579473,0.930561388,-1.447920318,1.778034871,-0.260817408,-1.389107924,0.04794485,0.94633367,-0.124797502,-1.250945846,-0.249655708,2
-0.71584521,-1.284567323,-0.81552590,-0.329823614,-0.91181876,0.9289252,-1.811437462,-2.18384592,-0.86359781,0.09053399,-1.637545172,0.322785504,-1.279876378,-2.401571712,0.258186808,-1.36551907,-1.33021382,1.397439143,-1.030360907,0.413426777,1
-1.786208154,0.803360439,0.50404060,-1.477834592,-0.59538343,-1.187869598,0.149642479,-0.30906253,-0.276163622,-1.6226123,-0.494986489,0.204889528,-0.775404112,0.125135845,-1.609544923,1.160945725,0.17037891,-0.704792543,-0.562417308,-1.751917891,1
-1.254703649,-2.467618985,-1.43842400,0.142054447,-1.14054657,0.344301277,-0.77070363,-1.46846762,-0.942449967,-1.27287334,-1.330463722,-0.825315075,2.220068232,-1.823662532,-0.662472777,-1.870102137,-1.12993734,0.637442146,0.90105032,-0.362668564,1
-0.906152273,0.148904109,-1.41092400,-2.117267447,-0.20599456,-0.288420371,-0.346833279,-2.47716152,-0.234343544,1.79759758,0.071602041,-0.387141381,-0.007145196,-1.634635119,-0.45538961,0.885649668,-2.39822055,-0.184978342,0.176978932,0.054006158,1
-0.727737629,-0.100193483,-0.26207120,-1.418959315,0.52771261,-1.474048039,1.562556759,-0.94881562,-0.703843418,-0.10435832,1.390938163,0.976450167,1.52765226,0.585611911,2.012146583,0.541391596,0.05317088,-0.331772868,1.460657683,0.303657193,2
-0.517811052,0.320747062,0.31080690,-1.441642754,0.87020272,0.098881039,2.666334866,1.02592514,1.06248163,0.15341395,1.835995479,-0.508828825,2.251732155,-1.518710528,-0.546851173,-1.972007556,1.02157047,-1.808211233,-1.21535869,0.917569411,2
1.2210681,-1.295522144,0.42712530,-1.074560369,0.22582344,0.345852111,-0.960352867,-0.47357338,0.183954862,-0.54428879,1.536605161,-1.236049611,1.291994269,-1.068902224,-0.182380826,-2.60178217,0.223282,-1.726141872,0.981403962,1.180552415,2
0.655705213,0.069196384,-0.12617360,-1.459187998,-0.74959018,0.298430355,1.16583357,-0.78993036,0.496859061,-1.48347973,1.507692331,-1.778767512,1.668688224,-0.768581466,0.669663828,0.876862533,0.35701054,-3.244125095,-0.14607048,0.431446772,2
-0.295589233,-1.208530134,1.92662200,-1.169060897,0.16229177,-0.51031579,0.067748508,-0.91700444,-1.402185804,0.36210788,-0.092062294,0.040335479,1.104805341,-0.431658491,1.142844311,1.787402035,0.40355302,-2.06690637,0.256110093,-0.153550679,2
0.668225594,-2.081078278,-0.46838370,0.032127245,-0.44514035,-1.081694909,1.387770882,-0.55692248,-1.210122876,2.09462856,-0.975732775,-0.056369143,1.465753215,-0.360833659,1.244693405,-1.672565566,0.03421626,0.321159058,0.268311784,0.126435307,2
0.004965966,-0.31355347,-0.00294459,-0.57089581,0.69436973,0.017098192,-0.643089211,-2.60480716,0.797279366,0.02836795,1.941624034,0.026479618,-0.74690296,-0.96852027,-0.974379377,-0.293824437,0.32724604,0.178862522,1.370991173,-0.533622319,2
0.170575839,0.103589078,1.43675900,-1.535871101,-1.71720211,-1.234622498,1.062841398,1.56158019,1.396948688,0.53262507,-0.056339977,0.543767095,0.977860446,-1.396397769,-0.334118466,-2.572800936,0.84782549,0.079126079,3.036017195,0.203548641,2
0.62697161,-2.927718855,0.50562000,-1.028676469,0.41034396,-0.55091046,0.084255301,-2.36955489,0.662432109,0.91377979,-0.722696998,-0.238019857,1.064924668,-0.805298055,0.774348391,-1.315297762,0.43330583,-1.379414898,0.437111367,0.240248305,2
0.409167806,-1.790694873,0.92981520,0.341153556,0.71841708,1.692927625,-0.226129972,-1.54714573,0.616642162,-0.1393248,1.724719515,-0.170858387,-1.152483666,1.558529125,-0.793580031,0.93790747,0.37750657,0.551019523,0.315335812,1.659242423,2
2.088415908,-1.620931204,1.90078300,0.516840137,-0.44853777,-1.475344645,-0.251931288,1.48461788,-0.493089681,0.08833283,0.64276899,-1.136357694,-1.160351558,-1.204140036,3.739297048,-0.555992547,0.86888847,-0.011707238,0.660763631,-2.614787635,2
-0.589295482,0.415263357,-0.21713700,-2.412101488,0.28233198,0.076896581,-1.953408625,-0.52084554,2.188939593,-1.71557285,1.204024808,-1.564631909,-3.343167549,-2.666416582,-0.203235734,-0.757194354,-0.98673614,-1.394254219,-2.069480316,-0.746188925,1
0.134013413,0.078840374,0.88024240,0.619534294,0.6510219,1.445830131,0.378498604,1.25406768,-0.81178064,-0.96638428,-0.122488609,-0.352401745,-1.955976489,-0.436571072,-2.166409726,1.041288998,0.76538495,2.270886622,-1.426912675,1.201803103,1
-1.000895206,0.70740739,-0.91279170,0.253502166,0.33451962,1.853165496,-1.356701277,-0.32618697,-1.167306642,0.10318366,1.227172557,-0.037325828,1.694942354,0.060269236,-0.823458594,2.175326656,1.79948687,-0.118091025,-0.526928163,0.971474593,1
-0.748941773,-1.671286909,-2.15416700,-1.034877061,-1.2089419,-1.66752007,0.611942221,-1.66250355,0.520865403,-1.24929063,-0.59688157,-0.338826664,-0.17374702,0.424425954,-0.678049374,0.581407235,0.46168534,-0.414201485,-0.100043114,-0.717540293,1
-0.936851034,-1.488261793,0.66633600,-1.494094255,1.7615616,-0.241876114,-0.42235668,0.28049185,1.231055617,0.36582757,0.485779805,1.913786809,-1.138291238,-1.231405397,0.609860432,-1.849887659,1.73527322,0.575807322,0.029540226,-0.428515166,2
-0.486479305,0.079507786,-0.80005950,-0.35357276,-2.20012169,0.294483601,-1.080925056,0.32239253,-0.414136493,-1.08454052,0.706020821,0.694301928,-1.316058648,-1.596497586,-1.411930337,-0.032334178,0.02508891,0.840433297,-0.257141806,-0.98296708,1
-0.104865077,0.273051154,-0.71730790,-0.872594787,-0.50170735,0.421577714,-1.065373855,-1.50552216,0.323313861,-0.04871988,-0.192024449,-0.223647689,1.706912035,-0.42820574,0.950970762,0.586047091,-0.74671547,1.646658483,0.457221176,-1.927362206,2
0.834142219,-1.99326954,1.13624400,-0.77396984,0.89770878,0.04778405,-0.615874796,0.19569229,0.525537723,-0.77461684,-0.327811458,0.699674913,0.887404502,0.474711703,0.560023715,-0.858256338,0.33112399,-1.07040826,0.17636705,0.124413673,2
0.490351726,-0.722253141,0.21115600,-0.147446799,0.66386499,-0.107592462,0.247789442,-1.32113438,1.134105938,-1.1835669,-0.220688464,0.64467987,-0.650505826,0.14536712,-0.001416544,1.179732315,-0.39520269,-0.675509132,-1.07477835,-1.951214603,2
-0.539186084,0.536157914,1.20496100,-0.455957781,1.15272982,0.539361771,-0.231104538,-1.13406147,0.28335791,0.18628355,0.412390867,0.858752761,0.46976257,-1.23627746,-1.288009646,0.160705116,0.04652225,-0.04324151,-0.804231872,-0.851497029,1
-1.601287887,0.535070856,0.59100590,-1.706441414,-1.36804509,-0.505080311,-0.595338708,0.21924691,0.362486845,-0.88354799,-0.193876058,-0.638937698,-1.694110334,-0.00010171,-0.589093153,-1.002834512,-2.00821741,0.141299138,-0.013785225,0.813144802,1
-0.377157136,0.011691134,0.90306810,-1.437981097,-0.33868529,-1.735043635,0.839525144,-1.50196981,-0.944335573,-0.61286518,-0.659820963,-1.817476306,-1.236186079,0.388534818,0.136388553,0.229884301,-1.07683993,-0.469959496,-0.879999022,-0.136852056,1
1.543339828,-1.048157843,1.45320800,-0.898882393,0.20394608,-0.518720882,1.977857176,0.17658747,0.687956431,-0.99069663,2.033030534,0.025224768,2.223853849,0.127425771,-0.309693525,-0.475376413,2.53882254,0.558330964,0.724112987,0.994613837,2
0.600315488,-0.21372521,1.19640500,0.289315783,-0.03529581,0.637649627,-1.932368752,-1.30550044,0.085812902,0.68846826,1.278209286,-1.323524757,-1.092571577,-1.555163438,2.276623117,-0.303378936,0.77340543,-1.127361455,1.506677492,-1.261958373,2
-1.46230204,-0.337031093,-1.06004400,0.442441959,1.54658257,-1.226110633,1.411549668,0.01919239,-0.181836404,-1.81531423,-1.090749669,-1.071538974,-2.151386132,1.289647421,-0.011088047,0.207450725,0.23990189,-0.467312975,-1.45996761,-0.721706065,1
2.407116895,0.016907902,-0.49153580,-1.416475071,0.75081779,-1.087069462,-0.183334312,-2.03943918,0.513145068,1.1343893,2.087425012,-0.666051222,-0.967565045,0.744020191,1.236740036,-1.735422975,-1.16501182,0.890317331,2.186257006,0.468132482,2
-0.041832235,-1.275730816,-0.27125130,-0.923424447,0.56956318,-0.959040008,-0.344285336,-0.43533759,-0.372192747,-1.36252367,0.695669439,-2.145858428,-0.11672496,-1.496671803,0.276737125,-0.5382923,0.8798622,-0.139357393,0.323255967,-1.326128992,1
0.242923404,-0.154387533,1.13046600,-0.004935724,0.79430967,0.177293529,-0.435378427,0.32042732,-0.463074925,2.5809901,0.218810029,0.165938492,1.491820443,-2.212518453,0.143545552,0.257073337,-1.16015538,-0.573136371,1.267695312,0.089442373,1
-0.73621018,1.49820458,0.19929110,-1.556706744,-0.78565559,-0.664531321,0.284343648,-1.12524485,-2.028517325,-0.87757509,0.187734387,-0.030995079,0.025266217,-2.388219145,0.191369156,-0.23123493,-1.31611331,-0.833207273,-0.710132722,-0.582242306,1
0.039766344,-0.406324653,-0.96803640,-0.404295582,-1.75787883,1.441411011,-2.986542063,-0.74537536,0.598759487,-0.3802449,-1.65689927,-1.308538743,-2.188229075,-0.345215307,-0.998336579,-1.137988293,1.61204214,-1.308758089,-2.130602022,-0.084405424,1
-0.022627229,-0.254964622,-0.39470450,0.10765542,-0.23232444,0.352163656,0.970411483,-1.37779652,-0.918179842,-1.57472544,0.568552823,-1.724851129,0.834170167,1.765798886,-0.153507019,-2.127461923,0.98120315,-1.423859406,1.89269606,-0.024044409,2
-0.413614656,0.041535363,0.44029680,0.69862391,1.42183793,3.031000434,0.305901765,0.40510679,1.135302056,0.33055878,1.822360839,-0.683707033,-0.697156058,-1.672541492,-0.217470344,-0.741448544,1.76915345,0.861341062,0.564874494,-0.273433422,1
1.291806423,0.515480171,0.37408200,-0.562797033,-1.90889154,-0.990116244,0.281493454,-1.88199961,-0.448742764,-1.7295865,-0.110032286,-1.016466901,0.217522007,0.011918056,-1.967580455,-0.903763272,-0.14271798,0.510598355,0.709046491,0.540185648,1
0.43250775,-0.278357335,0.72584290,-0.099688834,0.24969385,-1.444806685,1.673850778,-1.53076101,0.760654128,1.49424792,0.238556073,-0.568135766,-0.635253858,-1.553633417,-1.284266135,0.681743004,0.65561009,-0.467458595,0.900912467,-2.516041635,2
-0.567481444,1.800106072,2.45003600,-0.782276878,0.41062189,-1.164312566,1.283401138,1.20157079,-0.122506272,-1.44791278,-0.544978017,0.978558412,1.596962618,0.263512303,-0.186857166,-0.275729885,0.89940619,0.389810652,0.098300816,1.929648219,1
2.110347118,0.133953902,0.42447330,-0.034082677,-0.69531447,0.687111883,0.829418692,0.83320957,1.066759195,-1.32443427,-0.914461112,1.879123934,-0.167499568,1.183206948,-0.329347614,-0.087307356,0.50464505,0.442931898,0.434402508,0.254999018,1
0.068523948,0.393596145,1.99727500,-0.559594684,-0.58713829,-1.242008327,-1.132476018,-0.06353499,1.004369815,-0.2925911,-1.695479461,0.640735087,-1.604228822,-0.477010197,-0.225892942,1.491739556,-1.01202329,-0.932604674,-0.332920208,-0.046627244,1
1.454860497,1.022975284,-1.65198100,0.203174528,0.877372,-0.969921881,0.163655345,-0.57251134,-0.123311127,0.65651621,2.330298082,0.190925797,-0.124767089,-0.313346771,-0.466096063,-1.757092943,-0.20492046,-1.241503996,1.106127326,0.466657507,2
-1.882046006,-1.081580943,0.41374150,-1.501073524,-0.53112013,-1.204064936,0.579528883,-2.49825445,-2.006821465,0.3787539,-2.003114392,0.086139614,-1.174074019,0.000684146,-1.208102458,0.53045702,-0.16312707,-0.629777172,-1.614097445,0.134532156,1
3.114281921,0.27743628,0.59159510,-0.438425122,0.13503428,-1.02707097,0.701481628,0.4138627,1.437415649,0.24794757,-0.267781689,0.125492927,0.799145217,1.017606421,-1.845111645,-0.455215248,0.86854928,-0.257253449,0.672632357,0.215812853,2
-1.203102824,-0.60726507,-2.27597100,0.062992587,0.44205159,0.222171428,-0.193243512,-0.67928403,-0.080567454,-0.12445599,-0.874616734,-0.744114518,-0.967427763,-0.394518189,-0.358316775,-0.489754983,-2.3880769,-0.442831248,-0.297904016,-0.156337637,1
1.217823267,-1.429254492,-0.60873960,-1.805456853,0.9275438,1.138415067,0.978914895,-2.50242054,0.424580163,0.95646948,0.273224022,-0.900471177,0.774028345,-1.647944851,0.005638036,-0.738557328,0.98193575,1.010963515,2.00617044,-1.706574343,2
0.452199008,0.294334293,-0.88996610,-1.00154745,-0.90365235,-0.840036703,-0.481427774,-1.67638643,0.136118252,-0.55419108,-2.203216287,1.972296722,-0.362140019,0.645894353,-1.814356406,1.005787083,0.29734098,-0.820162996,-0.546889954,0.29215248,1
-0.187831793,-1.146379823,-1.03814800,-0.749349821,-0.36070753,-1.579874871,-0.940807654,0.32012889,0.795773469,-0.50576019,-1.870602356,-1.077036109,0.404763791,-0.561053885,-2.467391721,-1.447015455,-0.87262311,-1.137178254,1.464650074,1.059526288,1
-0.159584312,-1.199983981,-0.67009830,-0.020031794,-1.63875641,-2.086576018,-0.46001174,-0.1888141,-1.873286178,-1.66873677,0.983561845,-0.097492024,-1.817818337,1.263979727,0.301893367,-1.971925326,0.343132,-0.580776787,-0.782229104,-0.343583899,1
-0.289468769,-1.131013411,-0.64066330,-0.092275322,-0.24670537,-0.121500387,-0.645956787,-1.31099104,1.337939616,-0.76059046,0.996141916,-2.413931398,0.147528305,-1.925908713,0.162099633,0.228782797,0.11633419,-0.845798374,-0.049548326,-2.020530511,2
1.673881113,-2.372148431,2.09276200,-0.161225691,0.87935842,0.092170922,0.48555934,1.74718363,0.002483804,-0.80042344,2.499896374,-0.090049485,-1.906045723,-0.509973298,0.021695925,0.50000432,0.25662338,-0.825932159,-0.870605669,2.148520997,2
2.281741996,-0.890673848,-0.65087460,0.57609802,-1.79829162,0.216219545,1.543278919,-0.47682012,-0.886821511,-0.44079879,1.759250831,0.390300214,0.071955079,-0.804318546,-1.479090326,-0.56580885,0.20171271,-0.590485896,1.319355444,-0.807330903,2
-0.072934025,-0.823934638,0.22999320,1.084603851,-0.11497647,0.371892511,1.570798609,-0.24119034,-0.749884192,-1.40004284,-0.011472527,0.450807248,1.932266192,1.270983912,1.406841096,2.176783519,1.22755618,1.199530538,0.759773507,-0.7214427,1
0.443598413,-0.082096368,1.31451500,-0.11537656,0.52887153,1.424995721,1.987719021,-0.53183295,1.632536128,0.4435972,0.606793398,1.167993012,0.690295685,-1.476452239,0.619070457,-0.72311288,-0.95698248,-0.034890955,1.395643605,-0.106819793,2
-0.451376166,-0.776129466,0.33793130,-0.381356521,0.99014571,1.04680974,0.784956436,-0.34979809,0.361379456,0.21711989,0.498617837,-1.684577605,0.905658685,-1.745902641,1.687748179,-0.521395966,-0.64719409,1.112812643,0.359856836,-1.782898212,2
0.006073718,-0.529591437,-1.21222000,-1.620027864,0.88861562,-1.346333054,0.268644793,1.51160758,-2.805905705,-1.43818135,-1.3001614,-1.522274465,-0.273204947,1.058827993,-1.470014654,0.151236756,-1.49170215,-1.518978603,-0.360651905,-0.944827155,1
1.32714987,0.762047838,1.08791300,-1.534713234,1.84384298,-0.35794761,-0.654555321,1.29177827,0.209284019,-0.97439457,1.346839029,-0.660207558,0.908319256,0.063179298,-0.112865554,0.727154178,-0.44538048,0.678815006,-0.334049059,0.154721873,2
1.349292092,-0.06558578,1.83934400,-0.315146453,1.62032124,0.85945135,2.305363689,0.03343633,-0.655764435,0.34569205,0.427598547,-1.150767498,2.753292446,-0.577802177,1.16758208,0.353981565,0.02603474,-0.577240494,1.967980669,-2.019308032,2
0.137290295,-1.172626377,-0.04341277,-1.709435108,-0.13869864,0.282554128,-0.565307053,1.0071515,-0.241217135,0.14179408,-0.586240518,0.078881642,0.877131109,0.784612822,0.736103597,0.830046163,1.77282393,-0.847839327,0.178641543,-1.97112695,2
0.383490406,0.712814253,-1.90686700,-1.160235604,-2.5727125,-0.991281643,-2.737604991,-1.2424334,-1.91834622,-1.62592257,-0.80268762,-1.028907343,-1.626467277,-0.577675321,0.678695397,-0.700064272,-1.8304712,-2.07269422,-0.60136849,1.438334609,1
0.426510721,0.54466692,-0.53798210,0.556322579,-0.39885964,0.453292184,0.326299456,0.09747597,0.43843668,1.21632436,-0.308085866,1.046809939,-0.828574401,1.273768747,-0.877802298,1.438598518,0.44297024,1.306746322,1.982709202,1.311447765,1
-1.739427894,-2.379879942,-0.47826390,-2.199373902,-0.86994097,0.608473649,-2.056053741,-1.41249309,2.722725098,0.23014542,-1.254358694,-0.292317868,-2.502800223,-1.046132158,-1.030687756,-0.481825421,0.93072235,-0.19774979,-3.352654133,-1.945701923,1
-0.128778036,0.421714163,0.13841780,0.040116122,1.9804869,-1.354734475,1.761521926,-1.14805824,0.196634971,-1.02929826,1.015543258,0.595230332,0.920289332,0.00445674,1.63309752,-0.925276513,0.49846736,0.234478705,0.151763732,0.136307424,2
0.737541303,-0.316076141,-0.26729470,0.051436374,1.17608088,0.445825617,-1.720984071,0.20045098,1.049770996,-1.00206351,0.688195171,-1.114625838,-0.330145472,-1.70064045,0.937790629,0.04045251,0.0708727,0.576406377,1.800333101,-1.123296789,2
-0.628428364,0.111438989,-0.77776490,0.630217925,0.99447273,-0.298879064,-1.348743338,-0.6881053,-2.112160057,-1.21203105,0.42797835,-0.84177494,-1.011882642,0.500937845,-0.886366832,-3.046331365,0.26015992,-0.160586418,-2.044451588,-0.519915623,1
0.232267122,0.645328909,0.17017780,1.343513529,1.52648021,0.35307688,-0.209861292,0.90414309,1.24003403,-0.56153319,-1.151190813,-1.558922869,0.416353603,-0.593383065,-1.16667825,-0.483287415,0.29034608,1.251759346,1.201893378,0.950627695,1
1.360117794,1.313786143,1.88476600,-1.67171082,-2.01181866,-1.701117065,-0.875325302,0.15537139,1.779982758,-0.64370799,1.305179041,-0.938250173,-0.09745504,-3.853316294,-1.180765701,-0.098740462,-0.7420703,-1.352935853,-1.805429686,-1.572600379,1
-0.541814874,-0.152701834,1.98753800,-0.419645383,0.04657866,-1.183075547,0.952267328,-0.77515243,-0.311077072,-0.07401683,1.536674676,-0.916441041,1.763371738,-0.77515446,-0.880910654,-1.506559367,-0.75978481,0.517794282,1.671558611,-1.863436289,2
0.504618273,0.131897749,-0.84987720,-1.796015774,-0.93571775,1.041095167,0.079093698,0.89091667,-2.426914285,-0.97291403,-1.213647481,-0.722614526,-0.331032736,-0.969480175,0.475822335,-1.574256417,-0.83392831,0.42905611,-0.527986139,-2.154018475,1
0.241735362,0.43480984,2.03974500,-0.815812179,0.85498414,0.827844133,-0.599465723,-0.8721782,0.306067038,0.03201998,0.197149527,-0.268019662,-2.501212744,-0.844100448,0.184798826,-0.409635535,-0.11394999,-0.780618118,0.330405422,-0.434978956,2
-0.05240811,-0.284431158,-0.89110800,-1.034123298,1.488295,-0.587120508,0.28550136,0.86786564,-0.672319419,-0.99773114,0.232602852,0.897728738,-0.711725208,-1.021871895,-0.274122119,-1.087089812,0.50533525,-0.390517227,0.410768065,-1.105340661,2
0.426360928,-0.10794321,0.07892528,-1.484461803,0.64068786,-1.282273673,0.478554123,0.83904169,-1.80907774,-2.17919955,0.605696052,1.3054869,-1.264237727,-0.636788365,-0.29434251,2.06784078,-0.20597825,0.512245287,-0.838996646,1.057945086,1
0.152862825,-1.262384038,0.62489250,-0.035423222,-0.32959108,-0.303872711,-1.901783762,-0.53313251,-1.58745176,-0.19578561,0.189453723,-1.595867521,-1.062962896,-0.159189464,-0.772140699,1.556814619,0.83306429,0.97440322,0.271754548,-2.135686868,1
0.44333356,-0.92254313,0.38891160,-1.668961504,1.90102618,-0.265858291,-0.20829988,-0.19270909,1.06123829,0.97971773,-0.651677372,1.421507818,0.092363962,2.163186604,0.851195628,0.948146589,0.68313157,0.749272639,-0.603824077,0.847477603,1
2.07293847,-1.585824597,-0.11444390,-0.978012607,0.71379985,-0.029803698,0.061825814,-1.07276268,-0.783550165,-0.3123117,1.195565627,0.77974542,-0.120431297,0.166982529,-1.156732425,-0.752576131,2.8217181,0.168488505,1.202318371,-0.350481475,2
0.358751127,-1.083779309,0.79866850,-0.315965075,1.67546302,-0.062521364,0.055412039,-0.49750054,-1.866384482,-0.62597147,1.369952016,-1.426689166,2.068998682,0.484083248,-0.136801694,-0.934759969,0.88028418,1.953602237,0.04341702,-1.287234455,2
0.840394302,2.270780763,0.79082310,1.385920416,0.7287271,0.664906427,1.253752248,-0.15725879,-0.649373013,0.34936596,-0.033158011,-0.292461569,-0.092648712,0.55754502,-0.34299773,1.474001068,1.15178232,-0.260519486,-0.579026109,-0.241871689,1
0.902261685,-1.241269965,-0.35919270,0.181137092,0.25824873,0.165325993,1.237186467,-0.77724451,1.187577371,-0.97255428,2.600771233,0.907973148,1.690556053,0.205045155,0.287850647,-0.980094978,-0.90872001,0.42882451,1.550844708,-0.596774319,2
-0.106952003,-0.448785173,-2.28429800,-0.573572075,0.62404814,-1.394643206,-0.861245454,-1.47071008,-1.185919022,0.32942574,-1.971666498,0.800127375,-0.242858291,-1.948395025,0.687777982,-0.875014304,-0.21821203,-1.893837808,1.385489387,-1.19665139,1
-0.989854441,-0.012122258,-0.52143460,1.832313667,0.53375011,-1.128518469,-0.808245535,-0.59616772,-0.964424817,-0.59953207,-0.78367625,-1.51464617,-2.002237818,-0.988828692,0.231690227,-1.238562741,0.34963025,-0.747161392,-1.651338815,-0.011445761,1
-1.198092406,-0.267248047,1.41993900,-1.925145994,1.42549213,-0.221551814,-0.178464672,-0.73201418,0.399475465,-0.22908341,0.287658693,0.155153127,-0.284546451,0.005105342,-0.199544287,-1.303938135,-0.19849544,-0.504809602,1.538036386,-1.163029811,2
1.623630744,-0.963017511,-0.15703940,0.171557924,-0.43416236,-1.393704807,-0.716075905,-0.79553317,0.391104152,0.97866976,1.421918255,-0.476576479,-0.99920507,0.528225894,2.34057691,-1.167170342,1.06770236,-1.588315393,-0.829191866,-0.429646261,2
-0.775507572,0.412228977,-0.34892150,0.624964664,0.98189836,1.869083322,0.318867383,1.19719642,2.93405986,0.58696817,0.768361099,1.501180013,0.920463302,-0.135925212,-0.602768518,1.81586503,1.12023148,0.866167102,-0.353340134,0.144523356,1
0.04995243,-0.544746575,-1.12284300,0.164074692,2.66581741,0.013463721,1.283263932,-0.09592066,0.989126292,-0.77081007,0.171459038,-2.605972534,0.324192759,1.153849854,-0.07083205,-1.235269986,0.46725285,-1.368536678,1.117493958,-1.094143404,2
1.440774767,-1.329816215,2.18483700,-0.962363643,2.52419139,-0.965957128,0.866276133,-0.6768684,2.176402234,-0.44893483,1.690716529,-0.415479058,1.056626407,-1.475554238,-0.338559695,-1.713381238,2.19909226,-1.602724674,-0.604424256,0.239133131,2
0.269490641,-1.091095555,0.07731333,1.871653152,-0.15381201,0.656057583,1.61928332,0.84753396,0.05107003,1.43365252,-0.097801014,-0.408705015,-0.682321551,0.668381532,0.318582713,-0.089315976,1.1456213,0.680647803,0.217668147,0.45432811,1
-0.473261709,-0.434172408,0.31742820,1.036575,-2.22858245,0.49703746,1.273455616,0.55171466,-0.435449281,1.09071618,-0.847270517,-1.81417273,-1.110404967,1.357344648,-0.476395717,0.584537731,-0.13694328,-0.014165737,-0.252520183,-1.746480105,1
1.546738926,-0.211634934,-0.36181470,0.854653242,0.12105875,1.300312929,-0.436787036,0.44426921,0.240017221,0.65783526,0.230987722,2.044883926,0.551924406,-0.260102066,0.245876092,-0.067143137,0.38145741,1.683573484,0.663007699,0.526893653,1
0.629146221,-1.020423708,0.14196490,0.365331646,0.21197839,-0.966450635,-0.716120569,1.44704695,-1.698146469,-0.01037985,-0.984458444,-1.897369055,-1.251472486,0.45228505,-1.727563729,-1.037420295,2.02875046,-1.940840929,0.791123422,-1.501510997,1
0.582912782,1.95754734,1.03101500,1.165596199,-0.61986449,0.520642548,-0.351088076,-0.5945458,-0.143276762,-0.93559086,1.496045204,1.807935274,0.491763766,0.272868619,-1.544478221,-0.206033479,1.00187652,0.105447824,-1.469814992,1.104670287,1
0.952832405,1.385826688,-0.36766820,-2.004586696,1.15406268,-1.498489231,2.066504871,-1.91380816,-0.505394623,-1.26145796,-1.409424672,-0.789104031,1.708024782,-0.663126232,-1.291045077,-1.644334985,0.51987055,0.11986838,-0.570063923,0.617189978,2
-1.742826003,-0.039697906,-1.37588900,-1.603889909,-2.12019798,1.068947059,-1.802213963,0.79921819,-0.164959395,-0.26313434,-0.430009426,-2.2722454,-1.46735749,-0.474481676,0.945585643,-0.041756675,0.73483536,-0.849219194,-1.529527979,-1.380165424,1
0.881480144,1.363923334,-0.42015340,-0.931286931,-2.77163286,0.779220981,1.560158402,-0.42198219,-1.343661384,-0.32700522,-0.878253078,-0.528225045,-1.257680995,-1.54639107,-1.022742007,-0.75668573,-0.8286175,-1.32213366,-0.633385719,-1.186593089,1
-1.145460069,0.512049678,0.41502360,-0.434654517,1.31523046,0.088407614,1.035057338,-1.78466484,0.949964999,-0.60449883,0.939277955,-1.050547188,1.617640686,-3.031500562,1.416790823,0.002022217,0.14298629,-0.640463152,0.343237667,-0.160602592,2
0.961467834,-0.146700383,0.64174560,-0.122350258,0.40666577,1.638694692,1.175605793,-1.67145792,1.541368033,-1.19990887,0.234317808,1.191521409,0.651485423,1.823473914,-0.473872263,-1.005470477,1.65096873,0.368183664,-0.139198284,0.513100093,1
1.04697566,-0.174094505,0.18160980,0.70905932,0.56019168,0.480132647,1.120171939,-0.15365875,-0.327565145,1.00813818,-0.588693073,-0.236111652,3.449645175,0.535483867,0.791118391,0.399208781,-0.70144099,-0.082319383,1.863364783,0.539961533,1
-0.640406112,-0.301510456,1.14493800,-0.066022734,0.16997959,0.936023906,0.266491673,0.68616792,0.290192221,-0.77832886,0.615862062,-0.167948416,1.320732869,1.347655371,2.465045292,0.537818318,-0.93106762,0.638928178,0.870856885,0.794196795,1
0.686205152,-0.529561959,0.73386360,-1.077578182,0.11650932,-1.458217228,-0.898934163,-2.52585197,0.829368507,0.72441862,0.549598637,-1.527704617,-0.313264039,-0.135239267,0.804690324,-1.364009613,1.75414604,-0.904003194,-1.068302459,1.817012813,2
0.444686912,0.905193649,-0.29816320,0.888427266,0.2748402,0.179490482,1.154173625,-0.51900613,0.230839672,-0.61214744,1.289279701,0.330998752,-0.047672018,0.059399188,2.109009341,-2.106916374,0.6500052,-1.304574092,0.206425112,0.537460711,2
1.825453815,1.54087732,-0.37340330,-0.45730082,1.88244455,0.35643816,0.93020233,1.40778151,-1.034861795,-0.20410786,-0.020683252,1.777845947,1.549668026,-0.303309255,0.536780765,-0.216369173,1.65473613,-0.987368664,1.074160085,-0.72679283,1
1.151801364,0.786534506,-0.62920000,0.752223734,-1.16638235,-0.819625718,0.008441012,0.44557286,-0.861363424,-0.13448839,0.069854271,-0.965746498,2.522374489,-1.215464006,1.071047593,-1.093181441,1.564159,-0.603020979,-0.679794007,-2.182489167,2
-0.762858132,-1.801682439,0.34345380,-0.774135508,0.78696892,-0.220714168,-0.129900305,-0.48430089,-0.923799672,-0.00984211,-0.994242073,0.032397822,-0.29584954,-1.353597977,0.471348718,-0.034716526,-0.8011642,-1.249194643,-0.671039102,0.020411537,1
1.163313586,-0.059067804,0.29968120,1.885639248,0.12028902,0.174543867,0.208109234,0.61599532,0.229567536,0.99109633,1.541997599,0.455184385,2.217100971,-1.283513821,-1.39623329,0.386724937,-0.26967757,-1.611875837,-1.331304188,-3.191360512,2
-0.496173431,1.19885578,0.19369180,0.42495158,-0.22924633,-0.807544739,-0.180865766,0.07640052,-0.031597781,0.94795562,-2.442464622,-1.034132028,-0.123924029,1.062973799,1.155644765,-0.37228601,-1.69533205,-0.930678517,-1.229490438,-0.317994891,1
-0.181396997,0.58509556,0.44340980,-0.192523912,1.08597469,-1.07348185,-0.203438405,2.0574336,0.353745108,-0.70825346,-0.857851429,-1.264949817,1.354088554,-0.41280173,1.317412437,-0.703909596,-0.32206662,-1.803314516,1.210895301,-1.067595608,2
-1.41810069,0.968909109,-2.86218700,-2.041565058,0.48748233,-0.898557723,-1.008959639,0.7032907,-0.206719503,-2.02203352,-0.771561087,0.145714607,0.661517482,0.421560627,0.396158337,-1.052294972,-0.0945448,-0.309633349,-0.876553296,-1.584464617,1
-0.407420069,-1.314763773,1.39677100,1.302503059,0.64959561,0.795382773,-1.243825636,-1.51211677,-0.769737781,-1.1644412,-1.176285849,-0.968914054,0.432874976,-0.773506761,0.168946518,-0.824483407,-1.36855505,0.249893282,-0.010036344,-1.559865378,1
-0.72309511,-0.90219577,0.69420020,0.940601457,-0.7410091,0.792405957,-0.09874182,0.75290304,2.123271536,0.8788622,1.278392876,-0.915607528,2.668892174,0.922985545,1.273943606,1.908500584,-0.08356538,-0.306281284,0.627174869,-0.396820762,1
0.742942681,-0.23311214,-0.53573260,-1.175531693,-1.76831422,-0.732212543,-1.306211875,0.10522509,-1.618385107,-1.6142722,-1.426321507,-0.894095037,-0.716660957,-0.739346826,-1.440074664,0.289021206,-1.29107014,-1.516500603,-1.877750545,1.353961662,1
-0.448283477,-0.916436253,1.08427300,-2.639782021,1.39638171,0.338245617,-0.244483215,-1.47716341,-0.271488202,-0.06619919,0.028124628,-0.670118423,0.515615463,-1.083362115,0.36075097,-0.123559815,-0.76745057,-1.20451343,-0.13852915,-0.410047916,2
0.5022448,-1.074117587,0.72098930,-0.11547321,2.30091387,-0.407289033,0.995702105,0.51024561,1.491736424,-1.70698218,1.497158609,-1.317172343,0.539602239,0.696488169,0.544285275,0.22378666,0.17018989,-0.705481308,-0.377014844,-1.391443419,2
-2.701111926,0.843466309,0.54083780,-1.396485856,-1.16069396,-2.178881594,-0.041869281,-1.11729477,0.355576454,2.09167546,-0.551919027,-0.691676893,0.173590186,-0.469734856,-0.831968618,0.898387194,0.15056551,1.675744679,0.463035134,0.468175232,1
0.229860971,-0.018841264,0.41556900,0.809095159,1.34618742,-0.108016055,0.362295272,-1.22447992,0.227101564,0.68869978,2.329698484,1.553671514,-0.193550179,-0.645623184,1.269983364,-0.111772913,-1.72044031,-1.618456809,-0.316010085,-0.006481353,2
1.234650411,0.560350327,0.58542010,-0.700140117,-0.33050818,0.818129287,0.739326942,-0.52523465,1.023921924,-0.90029611,-0.764685258,0.641681275,0.995370803,-1.232356726,1.764481115,0.048456147,1.13584817,-0.243660223,1.497948123,0.440832979,2
-0.128917648,2.885517885,1.03484200,0.80111991,-0.25833131,1.519482162,1.716459697,1.7107297,-0.245319865,0.68420831,-0.288938432,-2.351685173,1.007750167,0.738066073,1.090985512,1.779434893,-0.9073373,0.240090176,-0.161489034,-0.457657405,1
1.420168729,-1.132527989,0.39960220,-0.53567875,-0.66628497,-1.366549356,0.498660535,0.97288218,0.95962719,-0.13410312,1.093764347,-0.710484279,-0.143067031,-0.806625947,0.573586454,-0.577001232,0.11643813,1.592621602,-0.167177399,-0.815581543,2
-0.795870033,-1.682544548,0.69139250,-1.457628972,0.83227088,-0.809666131,-0.563653932,-0.06900335,0.452327034,1.93443259,0.877888064,-1.506547891,-0.599375232,-0.960193893,2.021207638,-0.435058446,0.63472667,-2.298457756,0.600130624,-0.256780937,2
-0.459269047,0.705313379,0.29457650,0.358620454,1.25113875,2.237856705,-0.538913675,0.69308664,0.337028884,-0.5231749,-0.325459643,0.890466604,-0.121887594,0.717694776,1.48529937,1.338990882,0.25931137,0.518601743,1.8052972,0.305599951,1
-1.667240267,-2.474207459,1.52759400,-0.90869676,0.05511415,0.009853091,1.962107084,-0.82681546,-1.164294868,-1.60126697,-0.404905027,-0.330945255,0.098401954,-1.505303827,-1.081225943,-0.681408508,2.23537653,0.499999847,1.365686322,0.391730081,2
0.411590611,0.221245093,1.22729900,1.182295746,0.85595649,0.338357592,-1.634388321,0.13204322,-1.151240338,1.30135083,-1.261066801,-0.369083899,0.675488373,-0.908081133,1.267337267,0.663365456,-0.60182482,0.756701251,-0.367798989,0.977443599,1
0.835215791,-0.024417309,-0.58609320,-0.107407914,-1.43755028,-0.168546363,-0.505971733,-0.06413344,0.42767006,-0.82861763,-1.252735056,-0.929179393,-3.520023455,-1.2929625,-0.604690547,-0.874442436,0.19573808,0.309506206,-0.151462866,0.506823024,1
1.25478493,0.370253417,-0.77311220,0.189214791,0.26216608,-0.247181443,0.318296349,-0.9878447,-0.52558946,-0.29717731,-0.675278909,0.828760641,-0.081361755,-0.685984363,1.552985998,-0.864002268,0.38416607,0.703093137,1.182598582,-0.655033376,2
-0.546783547,-0.995307376,0.49896450,0.025412784,-2.50344013,-0.547382446,0.207190876,-0.38290263,-0.619521732,-3.47277613,-1.101222881,1.872839248,-0.378953862,-0.198000046,0.783775332,-1.037245325,-1.72666046,-0.538418908,0.946307361,0.057734812,1
0.478739523,-0.551555807,-0.81188040,-1.473178703,0.91099596,-1.128532694,1.835056271,0.91944065,-0.320278019,0.27524241,1.222174315,-1.195489283,2.500690616,-4.600688665,1.973995938,-0.952703642,0.3618518,-0.803395908,-0.47138633,-0.156195513,2
0.590577376,-0.694457724,0.81636530,-0.104102996,-1.24069055,0.110328079,-0.781636125,-1.61917076,-0.357686491,-2.06963152,0.741501716,-1.19666834,-1.658804327,-0.746932091,-0.24009482,1.592994371,-0.16978997,-0.990054882,-0.400503385,-0.82293075,2
0.291043253,0.049146014,1.15318800,0.894560193,1.45914394,0.708447853,0.694377995,-1.0596783,-0.200561252,-0.53855673,0.036932519,0.513441485,1.53490469,-0.382628571,0.985477352,-0.631923437,-0.33708595,-1.510143901,1.81731823,-0.135555952,2
1.172058262,0.200789197,0.67547330,-0.038732709,1.18745085,-1.438338316,0.326893422,-1.03396691,0.892952018,-1.31166923,-1.268260059,0.678450276,-0.150628099,1.07876249,0.608498483,-0.83101335,0.08673816,0.003722875,0.510219166,-0.137236122,2
-0.586397513,-0.67329472,1.34829700,-0.581951796,0.60466438,-1.15195808,0.312976534,0.67052031,-0.538652386,-1.36389435,0.602176648,0.417355763,1.148562978,0.804737163,1.449768986,0.03274499,0.46717995,2.705448524,-0.722926256,-0.144882546,2
0.770242953,-0.125007646,0.48604760,1.620738706,1.9343768,-1.280051256,1.187394628,-1.78683335,-0.050397424,0.29052608,-0.108718491,-0.928018305,0.54891801,-1.444042979,2.058347917,-1.185317651,1.07556759,-0.494122231,0.544740191,-1.536756887,2
-0.858778731,0.448194868,-0.88284280,0.248886434,1.89208508,-0.108187574,-0.554868993,0.53653775,0.922789778,-0.58565556,-1.680020513,1.012998033,0.218223834,-0.967269754,-0.879090901,-0.224985937,0.22854385,-1.396128343,1.454797542,0.926813063,2
0.491916836,0.040629526,0.72125740,-0.400135539,0.7464021,0.248636446,1.250372127,-1.29013884,0.457432349,-1.67179552,0.222527652,-0.16934286,1.985371931,-0.363957854,-2.073462494,-0.088294361,-0.79857853,-1.907127159,-0.855662597,-3.097277528,2
2.652790013,0.674598765,1.08497500,0.000986576,1.35304429,0.086239727,0.200654041,0.09017847,-0.019859854,-0.69264225,0.770234919,-1.080479742,0.686413734,-0.915164588,1.00386208,-1.274426714,-0.18146679,-1.841672074,0.264126817,-0.460551113,2
-0.949368212,-0.863253385,-0.00349163,-2.089731457,0.02815107,-2.559722506,1.633249056,-1.99950806,-0.292686943,-1.05293243,-0.040609551,-0.563388576,-0.836987993,0.927575382,-0.85429245,-0.70091621,0.37433506,-1.032008649,2.359294657,-1.330690826,2
0.371873423,0.960248657,0.44864510,0.594503533,-0.55737657,0.458352958,0.164087868,-2.10000737,0.571695121,3.12594883,0.851371848,2.551988064,2.364353572,0.612313509,-0.56843859,0.67387487,1.26581482,0.913017584,0.205451656,-0.050849018,1
0.987761025,-0.315244247,1.23851700,-0.325304934,0.76359642,-0.115680473,1.514387147,-0.19979292,0.325098383,-0.41417269,0.418327057,0.237804238,-0.890587629,3.307235039,0.407391819,0.621143987,0.29418339,-1.63194776,2.265769476,1.432954564,1
0.704133851,-0.056688207,0.17401500,-0.906814118,-0.30177974,-0.955079317,1.745202115,1.73169419,0.482089602,-0.16861955,-1.430045645,0.049343606,0.285336301,0.271653318,-0.933979506,-2.66132633,2.1150145,-0.403229844,-0.436789061,0.107844617,2
1.600995769,-0.282679972,0.60508300,-1.212622402,0.86904656,-1.105919028,-0.120541391,-2.3088815,2.277129089,0.67138132,0.9803468,0.53819318,0.502047983,0.21155222,1.127862933,0.80642796,0.07372141,-1.646432556,0.574910668,0.009534201,2
0.927607308,0.424211996,0.06263398,-0.101486636,-0.15627794,0.413467878,-0.868659427,0.8935417,1.451702461,0.96524208,0.310632163,2.95144694,-0.097248547,0.622875142,-0.070420837,1.085788729,-0.40770915,1.097122765,1.04648702,3.019824191,1
-1.495078772,2.361230316,-1.77348300,0.756520514,-0.78370488,1.58787723,0.404402053,0.06890085,1.533111805,0.59819137,0.161190086,-1.108794453,0.607626936,-1.021774354,-0.953476397,0.574914222,1.65539064,0.967934243,1.294653138,-0.579502395,1
-1.330071713,-0.361431482,-0.81115260,-0.699210241,0.43025101,-1.519643329,0.073972669,-0.85935731,0.34984084,-0.58089445,0.295053457,-0.264004791,1.433799875,0.303660885,1.207996291,-1.047612856,2.12951046,0.33586375,1.198397007,0.423711271,2
-0.621153125,-1.484676515,1.40603600,-0.229127198,1.89116883,-1.741365417,2.185641642,-0.50633145,1.279590372,-0.25496586,1.053912239,-0.238651427,1.231524635,-0.896833896,0.036748011,0.565616512,0.67554473,0.229341154,1.000998042,1.191640037,2
-0.953688504,0.315030059,0.13709210,0.219336304,1.01015807,-0.721414586,-0.104907861,-2.3798915,1.351580267,-1.20530866,1.389575437,-1.97355901,0.326408418,-1.509386245,-0.827170752,-1.082749381,0.53056848,-0.33240708,0.477261479,-1.496005702,2
1.821288018,-1.844173901,-0.85210390,-0.492468136,0.23275792,1.06756501,0.193553875,-1.56054857,0.72380438,-0.84122762,-0.015506724,1.669680014,-0.042387306,-0.524343939,-0.179184971,-0.521704187,1.19665992,-1.428350775,0.641145163,-0.71114823,2
0.599192511,-1.234173766,0.42923370,1.165343188,-0.67107878,0.025220354,1.067175119,1.27003056,0.362895774,0.05922231,-0.367916737,1.24434147,-0.149885125,0.859770285,-2.270455713,0.728451778,0.82693832,0.727893863,1.991763787,1.343123186,1
-1.121995604,-1.403549765,-0.07698078,-1.520422282,-0.03803892,-0.125378345,-0.192901788,-0.67749623,-1.04350484,0.7278994,-0.231699116,0.77042804,-1.364543866,-1.72400772,-1.134958155,-1.188119592,-0.65784227,-0.083911432,1.194470595,-0.9891749,1
-2.39125234,0.233083296,0.56091410,-1.610725968,1.10891539,-0.351951639,-1.46204421,-0.54321834,-0.18049716,-0.30211366,-0.861665567,0.176535292,0.18360195,0.538817554,0.411682623,-2.90536221,-0.68848179,0.46284829,0.194961185,-2.983527481,1
0.871415803,2.181317753,1.22468500,1.013611771,-0.74141926,1.474834262,0.361563318,-0.16162751,-1.091066515,1.23733087,0.150065774,-0.267723885,-0.211834294,1.002918569,0.037543091,1.129096341,2.56199651,-1.692577199,0.118598239,1.326632339,1
0.61855699,0.865985582,0.00955949,0.293914491,0.59626545,-1.220027554,1.58763443,0.29902139,-0.217332498,0.20211176,0.344509407,-2.365781664,0.63023628,-1.857294934,-1.283778677,-1.913684498,0.79089063,1.127896266,1.537716269,-0.777118316,2
-0.202798029,1.519846807,0.97601320,-0.690835957,0.74382159,0.279805676,0.029476965,0.34479969,0.433564269,-0.74559045,0.534900803,-1.461987802,-0.447099577,0.242053269,-1.270286029,-2.088903059,0.31928132,-0.024396303,-1.076851845,0.615217286,2
-0.809736979,-0.243274467,-0.47026780,-1.645744698,-0.3266023,-0.062118839,0.354609332,-0.57438309,0.689017901,-2.15501248,1.366220664,2.212257258,1.905626804,2.310080342,-0.032286724,1.539474481,-0.55394224,0.504446873,-1.302233537,0.620430453,1
0.732627451,-2.147522754,1.16829800,0.211189431,1.78511855,-1.649454402,-1.101577109,-1.49400175,-1.173496244,-0.52876499,0.418517464,-1.252310293,0.177203012,-0.798363486,0.080963349,0.006091911,-0.13133933,1.123009335,0.39391356,-0.044404354,2
-0.057987149,-3.245888714,-1.52319800,-1.659267298,-0.37168665,-0.942406004,0.415339199,-1.37213617,-0.154432372,-1.43029481,-0.345701135,0.293611257,-0.55039143,0.244760989,1.531617508,-0.477467301,-0.19822107,-1.090708845,-0.4223058,-0.093043078,2
0.790842762,0.357691916,1.77253400,-0.509852996,0.66391616,-1.686353088,0.090597492,0.66744521,-1.305425143,0.79956519,-0.653136395,0.519353422,1.213956356,2.044967492,1.584441628,0.703244047,1.90880698,1.061909223,1.044904493,0.347866159,1
0.212349996,0.115814972,0.32980460,-0.940860923,0.07838272,-0.935668262,1.460307957,0.63494201,0.249211324,-1.39859172,0.232259841,-0.67977044,0.041978749,0.03889119,1.687841894,0.028558903,0.19909452,-1.718570213,1.742704664,-0.251207093,2
-0.876069654,1.702294551,1.52120100,0.032994969,-0.3798147,-2.134062717,0.427167654,0.12543205,2.148409805,-1.50977235,0.514141041,0.867504499,1.201569723,-0.05522262,-0.2107462,1.498396981,1.96330908,-0.094341653,1.652453979,0.29563282,1
-0.835146401,-2.3194294,-0.11247790,-0.651697645,1.13731009,-1.01826437,-0.080769449,1.66669105,-0.692736746,0.4254992,-0.147953893,-1.140060118,-0.98080145,-1.170840271,0.29739923,0.396368048,-0.53739192,0.233385033,-2.125320279,-0.023993487,1
0.184890259,0.959026703,0.05419912,0.356027774,1.00749861,-0.899059442,0.129051973,0.39127421,1.34506871,0.95604386,0.486552922,-1.350742613,1.318575013,-0.195743487,1.656759263,2.592593407,0.65569558,0.271899666,0.16393569,0.45373452,1
-1.179781944,-0.087234111,-0.13812790,0.750737833,2.06937799,0.411921247,1.520824043,-1.90011543,-0.136930265,-0.30933442,-0.87812716,-0.116211066,-1.286117846,-0.086624889,-0.661144486,0.691930721,-0.35813538,-0.457691574,-0.663681238,-0.092499749,1
0.250405267,-0.986887122,0.38374990,-1.196281298,-0.08114804,-0.641014465,0.880418432,1.66948176,0.586121027,-1.99844555,-0.16424655,1.291067853,2.120869966,1.3929022,0.036367421,-0.552392706,0.0306477,1.816200767,0.889044818,2.047695437,1
0.806447443,1.562004382,0.42955390,0.075190234,0.67096176,-1.061787035,1.232079171,0.89043857,1.930846308,0.23818708,0.943131352,-1.589457223,0.993798998,-0.573214346,0.728865798,-0.385569036,0.33090829,-1.078816764,1.122195195,-0.933014703,2
0.117060447,-1.014121891,-0.27612630,-1.248232758,1.05195254,-2.200511417,1.584757877,0.70386402,0.630348698,-1.33998757,1.589868823,-0.223128012,-1.178402785,0.703177325,1.408368025,0.803927558,-0.45781011,-1.902646861,0.991465865,-0.80339423,2
-0.597240731,1.80589988,-0.62680550,-0.137350087,0.78839202,0.574352152,-1.374012995,0.58935842,2.095749587,0.87724104,0.834843264,0.966603049,2.29683087,2.090638791,-0.275061651,0.197216001,-0.62299539,-1.1611371,2.53736924,0.291191973,1
3.060670583,1.36369367,0.81640960,0.052194561,0.5149793,1.066127927,1.700634921,1.28058379,-0.591642843,0.30823585,0.19546606,1.405176012,2.250753658,-1.248307485,-2.707656543,0.92086157,-0.05908769,-1.287486821,0.65782433,-0.425577978,2
-0.565978308,-1.525313529,-1.25859000,0.489515429,1.31927767,-1.321089785,0.649249555,-1.15216393,-1.21076352,-0.52433743,0.690463891,-0.456109883,0.473221935,-0.848483319,0.684918621,0.27606577,0.73566967,-1.663144758,-0.42958702,-2.815321635,2
0.110210596,-0.450724514,-1.11048200,-0.108163481,-1.82487744,-0.482266526,-0.486571297,-0.10515936,-1.383863639,-1.45791084,0.175689764,1.124575977,0.316592683,-1.104708453,-0.531063185,-0.075495007,-0.9291768,-1.407286049,-0.953839919,-0.12687006,1
0.464023049,-1.328064341,1.41287600,-1.328058468,-0.76210687,1.273407144,-1.347826327,-0.64035483,0.138471852,-2.42149376,-1.008054754,-1.543030884,-0.137719767,0.718143413,-1.084723591,-1.915174845,-1.41415365,-1.83716723,-1.044185487,0.209188921,1
0.72068527,0.014944544,2.51238600,0.359932361,-2.35512268,-0.94957078,-0.510153279,-0.90878882,0.015354104,1.4621209,0.200446505,-0.362252003,-2.455423014,1.363141682,2.125450454,-0.995086442,0.10181743,2.308002045,0.799856678,0.00731878,1
1.851543296,0.463547816,1.72258400,-0.298706406,1.49905851,-1.099974864,1.084529993,-0.70889589,-1.782668318,-1.06055711,1.885968158,-0.163302201,-0.534646654,0.32493029,1.732537189,0.240074805,2.24660869,-0.105794991,-0.803944083,-0.41453655,2
0.998637963,0.071114767,0.14261740,-0.788295967,0.3698851,-1.761323198,2.280990646,-0.83058193,-0.390051806,-0.34794953,0.442782325,-2.342609242,0.174221211,-1.369032141,1.496403325,-0.005321281,1.54340217,-0.456160778,0.083072742,-0.135577294,2
-0.009771101,-0.884389328,-1.93064200,-0.369209549,0.98480869,-0.768450488,-1.794412161,1.68894956,1.361433379,-0.06145526,0.067553826,1.365250913,-0.699065751,-1.17245614,-1.376218252,-1.589691515,1.53460278,-1.871854684,-1.583711429,-2.062835484,1
1.769653884,1.503686102,0.88611500,-1.247113299,-1.87985402,2.335181558,-0.020323474,-1.55068681,1.769225531,-0.09006345,0.595512581,0.359845078,-0.629601545,0.196642757,0.928258382,0.264507069,-0.159392,2.678485478,0.524926044,0.098586212,1
0.838873111,1.448465719,1.07620600,1.486653283,-0.00443366,1.239400086,0.379301554,0.8943205,0.27580845,-0.4138013,1.230339096,0.170778777,0.773680013,1.76945759,-0.665368529,-0.565311064,2.46124558,1.393474147,1.651118071,0.796035828,1
0.355255473,-1.54291156,-0.37961750,0.265644152,1.41535922,-0.610309599,1.445884737,1.54409426,1.336254945,0.52775768,1.237480777,-1.322942604,-0.933697827,-1.237583094,0.628213805,0.007695958,0.28462302,0.708775686,0.134900988,-0.866077967,2
2.424650834,0.025826177,0.11470280,-1.232623575,-0.79738333,0.035826703,1.248174881,-1.3709855,-0.123146059,-1.46150733,2.387157356,-1.617744784,-0.342797579,0.538522354,-1.314389498,-1.201008221,0.30946059,-0.812468754,-0.463478808,-1.238194466,2
0.022860353,0.655896609,-1.62942600,-1.618613161,1.02700998,-0.389042388,0.726307507,-0.5650166,0.551646899,0.18617276,1.058986862,0.826499032,1.747165164,0.334158696,2.291739879,-1.695233211,-0.54752038,-1.42186906,-1.288108527,1.08906426,2
1.368409177,0.208002871,-0.19089670,0.064572834,-0.61923325,-0.658037278,-1.197541662,0.85296624,2.224845768,0.71727494,1.394301079,0.17939441,1.139493442,-0.206182415,1.040034729,0.962877086,1.61864419,0.412118849,0.225496876,0.511564356,1
-1.237220559,-0.746706868,-0.03526888,-0.633884471,0.30499169,-0.654091369,-0.032462149,0.66152553,-2.34667407,0.97401063,0.366563701,-1.079325363,0.797710455,0.47616144,-1.255542781,-1.130161592,-0.42588536,-1.029291522,-1.626694144,0.981958761,1
1.227622467,0.742912885,0.59702900,1.057452338,1.45926282,0.954211629,1.676367979,-0.84884257,-1.08277756,1.22688976,0.662469617,1.737705039,0.866031265,-1.882446257,0.380961312,0.173892955,-0.51080648,-1.140351673,0.688763766,0.788279497,1
1.42816781,-0.862622525,1.86701400,1.408428529,1.83933037,0.008847113,0.050949524,0.70627575,0.944172536,1.76448683,1.586653343,0.733365443,0.19166981,2.458857253,0.52678311,0.155873922,-0.43946646,0.845374747,0.003238598,2.322027993,1
0.563491295,0.501324308,0.94424280,1.125758389,0.14424666,0.438113324,0.562755798,1.59990813,0.565111238,0.36506353,-0.226165582,0.271617934,-1.293094646,0.815546817,-0.377377795,0.879841438,-0.14980075,-1.62186696,0.881733302,0.789157627,1
1.549878157,0.644498408,-1.15565600,0.189985799,0.99346904,-1.106011569,0.298082986,-0.83648891,-1.151630111,1.53981137,0.495205154,0.389203093,-0.203621191,-1.320712678,1.644743595,-0.612681269,0.64075287,0.356334589,-0.082860671,0.484734751,1
-0.509472611,-1.96188069,-0.45367680,0.054956239,-0.19385177,0.777493154,0.184090689,-0.22630645,-0.200110956,-1.89657978,-0.017334595,0.129280083,-0.098377219,-0.676713665,-0.46660371,-1.951514207,-0.88406524,-0.138386182,-0.761460105,0.576339278,1
-1.766867017,-1.112084317,0.44458580,-0.816989458,-1.66228584,-0.080490029,-0.640545209,-0.49285661,0.947557137,-0.53102209,0.572026333,-2.226110641,0.030565334,-0.69388781,0.065149638,-0.050576352,-1.24292892,-2.757432566,-0.695627709,-0.201245525,1
-0.976995136,-0.907930866,-1.54826000,-0.988731719,-0.05922741,-0.432563556,-0.477914564,-0.7068451,-0.368546958,-1.01381086,-0.814423458,-3.167632078,-1.386798642,0.791477794,-1.512062208,-1.432325493,-0.72705402,0.770147132,0.436380569,-0.582234883,1
0.027189232,0.541132554,0.44013910,-0.1140053,0.81460332,-0.515530255,1.305183603,0.82589263,-0.001010887,-0.36108047,0.942247266,0.167648996,0.124538784,-1.094837288,-0.563993141,0.08716991,-0.51948251,1.480035731,-0.009969872,-0.105672932,2
-0.763720162,-1.404733517,0.11217290,0.162541327,-1.85406745,0.345226037,-0.418326526,1.31276013,-1.300390954,0.30184598,-2.523148376,0.804190929,-0.619145214,-0.463340692,-0.645518069,-0.801796609,-0.85266359,-1.59819266,-1.530671839,-1.04838724,1
-0.724498657,-0.412243242,0.03989792,-0.750971205,-0.10145719,-1.177050418,0.912402527,-0.10581142,-0.726046139,-2.42541075,-0.055745586,-1.277487447,0.766629309,0.276329962,-0.06460706,-1.224851189,-0.11075496,0.034256891,-0.680180156,-0.883026223,2
1.623127739,-0.779971799,1.37806800,0.695612207,0.46992203,-0.108266471,2.096005759,-2.08499457,1.154046799,-1.98044944,-0.726075168,-0.492707785,1.383428007,-0.290340288,0.81046674,3.270572537,0.56830716,0.709784686,0.408479439,-1.517911944,2
-0.46277722,0.671274218,0.23318080,0.997652507,0.51794528,-0.085278488,-0.201471132,0.2192755,1.038370052,-2.0674249,2.167109643,-1.216926463,-0.703434401,-1.325011651,1.26064993,0.63257202,-0.21645857,0.073196895,2.41434239,-1.036410453,2
-0.789734968,0.780928386,-0.49339410,-0.070701118,-1.8898479,0.838996348,0.573021223,0.48729991,-0.298533866,0.91448548,2.754148631,1.045152768,-0.077656208,-0.82307857,-2.011579261,2.528660678,-0.80986866,-0.731833143,0.161226887,-0.597977191,1
0.690418159,0.611905868,0.44546820,-1.130347878,2.70708934,0.166743018,0.173343799,0.64723308,-0.021491371,-0.16009644,-0.256843674,-0.484436545,-1.290172357,1.842979111,-0.2844904,0.294917197,-0.20195236,0.653213306,2.351756806,-0.97182569,1
1.01390615,-0.196039932,1.38148200,1.353676326,0.62426816,-0.935119095,2.002161584,-0.71847825,1.212887748,-0.57430373,1.436276919,-1.396021126,-1.072255283,0.168074029,1.380395483,0.146586843,0.41723299,-0.981463331,1.101082075,-0.128729337,2
1.908680595,-0.450984071,0.09844366,-0.667943923,-1.15193064,-1.164748474,-0.59717062,0.58170457,0.052603867,-0.12826683,-0.004760056,1.880983227,-0.207030288,-1.29838345,-1.47638137,1.097487,0.05836112,-0.756163718,-0.840048113,0.961181798,1
0.316044314,0.248559765,-1.19198200,0.376096847,-0.63630293,-2.410055099,2.06956437,-1.25965882,1.132605303,0.28864828,0.653330262,0.218390143,-0.554825067,-0.485473684,0.708802613,-1.5224936,0.47438563,0.017475919,1.049819806,-1.608294869,2
0.348962516,-1.030976533,-0.30270510,0.191183561,-0.96681044,-1.193699299,-2.061300681,0.86844283,-0.977560653,1.24077524,-0.224110428,0.816978333,-0.578628356,-1.597454732,-1.010848939,-0.38895219,-0.93053961,-2.166953334,-1.9558198,-0.74670479,1
0.620759892,-0.901497543,1.17947400,1.119418575,0.62274131,1.804090811,1.130675385,-1.92628776,0.450194885,-1.44678574,1.760524946,1.065984804,1.626280978,-0.831844857,-0.828646633,0.226948854,-0.31654852,-1.275009064,0.736144164,0.091365313,2
-0.884280087,1.378613735,-0.62960940,-0.988769698,0.56755373,-0.611478384,1.700599019,0.76899211,1.059780817,0.2911937,0.559076145,0.964547252,0.996827438,0.958436604,-0.365844763,-0.047322738,0.90185852,1.446833845,0.389399065,-0.273047287,1
-0.809774953,0.613530283,-0.10947220,0.040549405,-0.52371705,-0.580726229,0.042637238,2.95850143,0.382088258,2.30411188,1.332543036,0.55118152,0.341830662,0.549319593,1.96939604,-0.475285312,0.92901636,1.948624199,-0.290290182,1.10315076,1
0.043932361,3.211817575,-1.17453900,0.270076993,1.87362229,-0.344910106,1.050458833,-0.3733905,1.012082953,0.80844345,2.303832729,0.912558267,1.869192506,0.485932892,0.728037868,-1.352909922,1.83616339,-0.569390565,1.108435068,1.687118096,1
-0.484576933,0.606260329,1.46306400,-2.011397927,0.77409844,-1.612584454,-0.534192024,-0.19449123,-0.299544924,-1.85085224,0.792692331,-1.612643684,1.717430493,-0.728208359,-1.408660086,-0.287960414,-0.97782886,0.280991912,0.75586224,-1.673237618,1
-0.030575504,-0.209849349,0.50740110,-1.575250137,1.0577199,0.259984722,-0.259679381,-0.21394896,1.138169622,-1.134793,-0.597160516,-3.011655729,0.910414333,-2.578177585,-0.948344316,-0.719573194,-0.22440465,-1.715907445,1.373591352,-0.172702246,2
0.453076887,0.829820839,0.67532540,-1.820565046,1.30787311,-2.497227951,1.883116667,-1.1429417,1.773605353,2.0090235,-1.252184927,-0.561310548,0.489996007,-0.289272098,1.090350119,-1.27117508,1.31569978,-0.702417507,-0.315608454,-0.268283474,2
-0.143665208,-0.274503303,1.00747100,-0.058577894,1.65990115,0.815367362,0.691239543,0.02957256,-0.456186947,-0.49749187,-0.791030124,1.843268274,0.962769204,0.674309012,0.28130162,0.699512472,-0.35483713,0.393160731,2.424145297,0.291826161,2
3.016209688,-0.853109664,0.65249540,0.219919043,0.4449749,-0.66988794,1.546447729,-0.99667919,1.664119192,-1.37817996,0.541952792,0.573156185,1.12100038,0.637114476,0.08576291,-1.124847247,1.59215912,-1.916294129,-0.668032906,-0.19877288,2
0.928175074,-0.942686271,-0.14068800,0.961505097,-0.28299128,0.072372704,1.501316298,-0.24371528,1.223584688,0.81370548,-0.303752169,-0.296652501,0.560614558,-1.173508662,2.881093666,-1.15776131,-0.2081809,-0.435737414,-0.517064639,0.412984617,2
0.260582437,-0.91627062,-0.04425761,-0.598633433,-2.41477154,0.40310852,0.571423088,-1.89333625,-0.023056665,-0.26429144,-0.042115536,-1.606453529,2.576769679,0.594693309,1.731315008,-0.428901149,0.19424133,-1.87868461,-1.910272379,-0.632449583,2
-0.700057485,-0.991077559,0.47640370,-1.843104094,0.75450978,-0.610473072,0.840563474,-0.88061494,-0.089351641,-0.39555968,0.447764144,0.313144204,0.052300427,-1.366039487,-1.004394216,-0.379700873,1.48655412,-0.119841753,0.785470397,-0.935506024,2
-1.043934945,-1.5739407,-0.31965770,-0.310183499,0.82460516,-1.602886012,-0.372311553,0.39493993,-1.125443741,-1.19441422,1.270279388,-0.930050322,0.44952601,-0.558020801,0.202345193,-0.191217988,-0.61927519,-1.019496215,-2.026849352,0.328329426,1
1.501992689,-0.619952175,1.16893300,-0.763240578,-0.21368186,-1.92882516,1.326519904,-0.50070513,1.082871732,-1.82814968,0.444380854,-0.500665471,0.329126873,1.600608733,-0.692801796,0.679217428,-0.80077078,0.064999384,-0.435517849,0.689639901,2
0.169582713,0.440909094,-1.54643900,0.072760281,0.81477625,0.708006762,-1.333545254,-3.6911792,-0.569157444,-0.31119393,0.260710944,-0.073561694,0.422032689,-1.02342046,-0.140796874,0.767239573,1.87183835,-2.943182637,1.005306086,-0.268617801,2
-0.244493044,-0.650461944,-1.21855900,0.209692858,-0.11493557,0.098712093,0.834452029,0.82354281,0.782973007,-0.44391232,0.692894833,-0.669782658,-0.421691997,-1.924331141,1.140877144,-0.836755979,-0.62152888,0.851242124,3.121282688,0.543572316,2
0.0459371,-1.980743942,-0.11179950,-0.315290569,-1.56046284,1.609291817,-0.149453935,-0.20589524,0.266895242,0.76716426,0.759578073,-0.16577199,1.078789968,0.290907592,-1.002294704,0.468956447,1.97483556,-0.072814534,0.566463222,-1.206881243,2
-0.404673253,-1.327093061,-0.64275380,-0.266642761,-1.36544503,-0.660727932,0.205190015,-1.28778061,-0.113663022,1.94745608,-1.625609722,-1.477561157,0.294997862,-1.626564415,-0.79874756,-0.742360809,-1.01219738,0.278276508,-1.979793906,0.374120098,1
1.844473559,0.306040038,-0.70297950,0.388264358,0.62097609,-0.823368694,-0.682600383,-0.35514043,0.981369644,0.46992684,-0.355365299,0.733158013,0.447185291,1.213713716,0.190292002,0.029735787,1.48807206,-0.876509582,-0.680185587,0.668933447,1
1.824236355,0.585841226,1.20494700,-0.590736011,0.76643145,-0.045902825,0.008978543,1.19055167,-1.095692877,0.26771955,1.645991187,-0.51958668,0.316253174,-0.09005505,1.122386181,-1.463041397,-0.49660916,-1.725101279,-0.728996423,0.155476858,2
0.3400357,0.301071672,-0.00006980,-1.466821803,-1.37743947,-1.231873198,1.557203819,0.5474221,-0.690272148,0.13574548,0.441497515,1.477559565,-1.187661111,-2.909072697,1.413007537,1.884708631,2.36293876,-0.486455977,1.734023582,-1.1057598,2
1.343407507,2.380760724,-1.02498400,2.202010131,0.15662281,0.598608379,0.230165854,1.66891292,-0.477368955,1.60422364,0.121961274,1.507932969,1.54752155,-0.065014136,-0.803177337,1.096091306,0.26181662,-0.261013021,1.375577412,2.185891098,1
