-0.3745,0.1178,0.4418,0.2541,1.5828,-1.4544,0.3034,1.2399,2.0417,0.1408,0.6767,0.2199,0.2923,-0.3774,-0.7808,-0.3329,0.8638,0.2318,0.3269,-0.3301,0
-1.5608,0.5185,-0.1318,-1.8130,-1.5491,-0.6173,-0.6795,0.3466,-1.3955,-1.9177,-1.7928,-0.4570,-0.4247,-0.6217,-1.5846,0.2723,-0.0409,0.7204,2.2822,-0.7177,1
0.1299,1.9149,0.2941,0.7851,0.5622,1.4490,1.4255,2.6619,0.5089,0.4713,-0.0456,-1.7705,1.6970,0.4143,1.7386,0.2369,-1.1721,-0.4562,-0.3365,1.0530,0
-0.4232,0.2428,-0.7855,-0.3735,0.9157,-1.9553,-0.7408,0.2564,-0.2516,0.4371,-1.1297,-0.2191,-0.8681,-0.7606,0.9260,-0.4149,0.1215,-1.4209,-1.3910,-0.5982,1
0.1323,0.2809,0.4622,1.4235,0.7598,1.1644,-0.8979,-0.7297,-0.3900,-0.4986,-1.0892,0.7548,0.7454,-0.9166,0.4783,-0.0905,-0.9831,-0.6354,1.4322,-0.4785,0
-0.8454,-1.0011,-0.7303,-0.6870,-1.7208,0.3008,0.4111,-1.7828,-1.1747,-0.9617,-0.8222,-0.7218,0.1703,1.2630,-1.7908,0.4532,0.7407,-2.2247,-1.3888,0.2776,1
0.6687,0.2929,1.1075,1.6961,1.8748,0.5646,0.8059,0.9501,-0.4795,-0.4737,0.9324,1.1515,0.9679,-2.0833,1.2254,0.5768,0.4580,-1.2314,1.1632,1.2451,0
0.9038,-0.1451,-1.4373,-0.1701,0.9026,-0.4671,-2.0003,-1.5299,1.1786,1.1188,-0.9055,-1.5270,-1.5912,-0.4699,1.1508,-1.5104,0.2311,-2.2162,0.4453,0.4944,1
-1.6376,0.2424,-1.4638,-0.3769,-0.6959,-0.9742,1.0728,0.4603,-0.6792,0.5041,-1.7349,-1.0112,-0.5721,-0.0263,-0.5688,0.5616,1.0131,-1.8545,-1.6923,0.4092,1
1.1932,0.0081,1.7121,1.6955,1.0545,-0.0468,0.3990,0.9843,-0.3442,-0.9810,0.8555,-0.8887,0.4847,1.2657,1.3795,0.1592,0.4015,0.2124,0.2640,-0.2140,0
-1.1761,1.2719,-0.5768,0.9051,0.2026,1.2760,-1.3503,0.4413,-1.6846,-0.9668,-1.2536,-1.6853,0.5135,-0.0499,-0.6589,0.8129,1.4900,-1.4493,-0.0279,1.3359,1
-0.0678,-1.8404,0.4010,-0.5259,0.0059,-0.6725,0.4283,-0.1761,-0.6211,-1.6722,0.5255,-0.0946,0.6072,0.8574,-0.7052,-1.3473,-1.2025,2.3271,-0.7150,0.0788,1
0.8065,-0.8008,0.1110,0.5669,-1.3224,0.9955,1.1592,0.5435,0.1524,-0.5977,-0.2295,1.8841,2.6136,0.6175,-0.2546,0.7617,0.1194,2.0976,0.6554,0.5374,0
-0.3492,1.1094,0.2212,-0.5303,-0.6369,-1.1014,0.7364,0.3487,1.9772,0.2455,-0.2762,1.8212,2.1688,1.1582,0.0157,1.6055,0.1046,-0.1617,-0.2490,0.3964,0
0.3162,0.3220,1.7297,-2.0921,0.6127,0.5966,0.9353,-0.3498,-1.0080,0.7248,-1.5988,0.1828,-0.9116,-1.2278,-1.0880,1.3416,-0.1232,-1.3375,-1.3569,-1.3627,1
0.7230,1.4402,-0.5328,1.2468,0.4888,0.1285,-0.1207,-1.9389,-0.5590,-0.2175,-0.8227,-0.6826,-0.2733,-1.3860,-1.1173,-0.6979,1.4452,-0.8355,-1.6735,0.0284,1
-0.5981,-0.4018,-0.1508,0.0036,0.3811,0.2975,-0.3555,1.5361,0.3294,-0.2120,-1.5044,-2.4168,-1.2540,-0.0505,-1.2891,1.1528,-0.1937,-1.2621,-1.9242,-0.8147,1
-0.7103,-2.0386,0.3912,-0.2211,-0.7757,-0.3849,-0.6456,-0.9680,0.0847,-0.7733,-1.8866,-0.6262,-1.3397,1.1049,-0.7681,-1.8164,-0.6346,-1.9349,1.4536,0.2369,1
2.1753,1.3112,0.6340,0.2407,2.4834,-0.3123,1.3719,3.5386,-0.7590,2.0556,0.6947,0.2091,0.1252,0.9692,1.2880,0.9163,0.1226,1.9842,-1.1747,1.0020,0
-0.9713,0.9256,0.3812,-0.1399,-0.0414,-0.5884,-0.6395,0.7044,-2.3345,-0.7969,-1.0691,-1.1202,0.4016,0.4468,1.8662,0.3703,-0.3356,-1.3098,-0.7236,1.1277,1
-0.4796,-1.0606,-2.8034,-1.2337,-1.1638,-0.2495,-1.8356,0.5892,-1.5668,-0.2822,-1.1329,0.2653,-0.6947,0.5523,-0.6182,-0.1580,-1.1843,-1.1891,-0.1271,-0.8989,1
-0.5031,-0.0683,1.6450,3.5274,2.1153,-0.6031,-0.6936,-0.1097,0.3549,0.9118,0.6449,0.8687,0.4788,0.5687,1.6216,0.4831,1.0070,1.5440,0.5821,-0.4471,0
-0.6224,-0.8120,-0.4924,1.1813,-0.3653,-0.7337,0.9916,-0.0610,-0.6753,0.5985,0.0201,-1.5613,1.8577,-2.8239,-0.4503,-0.4042,-0.5121,0.6785,-1.8251,-0.1747,1
-0.8798,0.2138,-0.7075,-1.7478,0.2560,-0.1529,0.0001,-0.5030,0.5849,-0.4920,0.5006,-0.3450,-2.8669,-2.1240,0.4632,0.9249,-1.1975,-2.3839,-1.8616,-1.6966,1
-2.5410,-0.6756,-0.1077,-0.8585,-0.5587,0.5114,-1.4281,-2.0108,0.4071,-0.0170,-0.1219,0.5243,-1.0773,0.7559,1.3413,-1.9511,0.3169,-1.4279,-1.1863,-1.1823,1
-0.9674,-0.3824,0.8609,-0.0235,-1.4215,-1.9103,1.4082,0.9985,-2.2773,0.3526,-1.3879,-0.9773,1.5986,-1.4282,-0.3504,-0.6333,1.0249,0.8162,-2.4743,-1.5522,1
-2.6015,1.1314,0.2250,-0.4568,-1.7344,0.5619,-1.1003,-0.2306,0.9806,-0.7316,-1.2332,0.3452,1.2011,0.1408,-3.0097,-0.0123,-0.6963,-0.1623,-2.0010,-0.0212,1
0.5300,0.8775,1.2369,0.9100,0.4802,0.4560,-0.6276,0.5325,-0.1417,0.2553,0.7207,-1.4332,1.1423,-0.2354,0.1109,1.6941,0.5413,-1.0263,0.3654,1.4314,0
0.6946,0.5209,0.1271,-1.3599,0.5096,1.3704,-1.2602,1.2720,0.5743,1.0606,0.3723,0.0413,1.1629,-0.2564,-0.1282,-0.0825,0.5049,-0.1742,-0.7292,0.4089,0
-1.1074,2.0010,0.1194,-0.6466,0.9594,-0.8171,2.5412,0.2049,0.3331,-1.1278,1.7872,2.6144,0.5207,0.3714,-0.6151,1.6495,-0.2582,-1.2985,-0.2826,0.5050,0
2.5884,1.3602,0.3437,1.2679,-0.1004,2.4078,1.3588,-0.6864,0.2510,1.3464,1.4744,-0.2928,0.3681,1.6921,2.1097,0.0961,0.3374,0.3643,-0.8079,1.0275,0
-1.2270,-0.4850,-0.4166,-1.3903,1.1180,0.0697,-1.0269,-1.0721,0.3579,-1.0647,-0.9527,-2.2247,-0.0450,-1.0589,-0.8591,-1.1600,0.6573,0.8336,0.3870,-2.4162,1
-0.8209,1.6131,-0.0830,0.5130,-0.6795,0.8682,-0.4533,-0.0448,0.1657,0.7693,1.2969,0.4362,1.4001,-2.4247,-0.5722,1.3202,0.7074,0.7797,0.7240,0.2742,0
-0.9793,1.5222,1.0140,-0.8012,0.6223,0.8171,0.0461,0.4836,-1.0123,0.3048,0.7984,-2.1363,0.0743,-0.5122,0.1895,1.2685,2.2931,-1.6526,0.6174,-0.0908,0
-0.2582,0.1837,1.8329,-1.2256,0.8461,1.3009,0.3561,0.8999,-0.5800,-0.4554,-0.5891,0.1576,0.9135,-1.2292,0.7968,0.2313,1.1985,-0.1083,0.4722,0.7100,0
-0.9572,-1.6967,0.3409,-0.0167,0.0659,-0.1699,-2.0783,-1.3459,-1.2146,0.5038,-1.2259,-0.5569,1.1457,-1.9353,-1.1155,-0.9790,-0.6502,0.5447,0.3827,-0.5584,1
-0.1698,0.4944,0.6651,-0.8961,1.7343,0.2347,1.2468,-0.1370,0.4897,1.5140,0.1813,0.8560,-0.6559,-1.1183,1.0212,0.5385,-1.7221,1.7654,2.0740,0.1556,0
1.7368,-1.7218,0.0534,1.6029,1.1402,2.5677,0.9449,1.6270,-0.9787,1.3751,1.2618,-0.0775,2.2736,-0.7839,-1.2538,0.8890,0.7576,-0.8079,0.7495,1.1802,0
-1.5172,-1.1981,-1.1173,-2.8250,-0.9423,-1.8831,0.5619,-1.4681,0.1789,-1.2764,0.1005,-0.4274,-0.0714,0.1179,-1.1431,-0.9302,1.0560,-1.0846,-0.0812,-1.1638,1
0.0224,-1.6896,0.6082,0.3990,-0.5502,-0.0595,-0.3952,-0.3598,-0.0609,-0.9377,-1.2620,-0.8329,-1.0264,0.9536,-1.0313,0.2041,-0.2918,-0.2933,-1.4118,-0.3229,1
-0.6727,0.6531,1.4865,2.2296,0.2973,0.5465,1.6110,-0.5307,0.3773,-0.3922,2.3312,0.0500,0.2134,-0.3959,0.1865,0.0231,0.6704,-1.5784,0.4518,0.6870,0
-0.4133,-0.6683,-0.0960,-0.6646,0.3573,2.1077,-1.1192,1.2957,0.2005,2.0246,0.0326,-0.8820,-0.9470,-0.6643,1.3800,1.8960,0.9931,-1.8821,1.4413,-0.9853,0
0.3991,-0.3973,0.9483,1.3772,1.0792,-1.9514,-2.3603,-0.8475,0.1984,-0.6687,-0.6430,0.9209,-0.6134,-0.2056,-1.1527,-1.4470,-1.1885,0.2756,-0.1171,-3.0527,1
-0.2413,-1.2269,-0.7287,0.4889,1.5361,-1.5801,1.1919,-0.1124,0.0191,-0.6280,-1.1431,-1.0281,-1.1304,-0.7265,1.1025,-0.1195,-0.3360,-1.7237,-0.2760,0.7055,1
-0.4161,0.5843,0.0260,0.3569,-0.1729,1.4865,1.0537,-0.0101,1.7312,0.1494,1.3992,0.2722,0.3525,0.0489,-0.5272,-1.0382,-1.3885,0.2760,1.2624,1.1401,0
1.3196,-0.3996,0.6548,0.1867,-0.6696,-0.9253,-1.1690,-1.2310,-1.4521,0.0264,-0.6528,1.8584,-1.8013,-1.1362,-0.5138,1.8312,-0.9543,-0.3188,-1.5648,0.2002,1
-1.0310,-0.9233,1.1206,-2.1354,-2.2788,0.4166,-0.9943,-0.4386,-0.5957,0.5238,-1.6214,0.0092,0.4962,-1.6162,-0.3631,1.4029,-0.6861,0.1905,-0.1516,-1.5954,1
1.6015,1.2997,-0.1355,0.9208,1.6404,0.3550,1.4992,-1.1097,-0.5182,0.0637,-0.3959,1.2987,-1.3180,-1.5986,1.0992,0.9490,0.0861,-0.4931,-1.0296,1.1057,0
-0.8570,-1.1064,0.4501,0.0920,-0.3390,1.3032,1.7644,0.8233,1.1542,1.0362,0.8203,0.6254,0.4446,-0.4765,0.5472,0.0327,0.3869,1.0807,-1.9479,0.3111,0
1.6147,-1.3307,-0.2702,0.3769,0.4802,-1.0472,0.9176,0.4598,-0.1875,-0.3760,-0.0421,-1.1216,-0.1474,-0.6893,-1.9282,1.0912,-0.8721,-0.4006,-0.7130,-0.1136,1
-0.9798,-1.4150,-0.6539,-0.9539,-0.2872,-0.5144,0.6545,-0.7786,-1.7236,1.5731,0.2522,-0.3285,0.9430,-0.2611,0.0647,-1.8636,-2.8191,-0.4294,-2.1922,-0.4185,1
-2.0844,-1.3659,-0.1674,0.1032,-2.2036,-0.7218,-0.4415,-0.7393,1.2059,0.9969,-1.7346,0.3507,0.1871,-1.5446,-0.2946,-1.6708,0.7031,-0.9522,-2.4109,-1.2352,1
-1.3208,1.1854,0.2939,-0.3721,1.6256,-3.4437,0.8815,-2.2354,1.0760,-2.2373,0.3852,-2.0135,0.0825,-0.3732,-0.8410,0.8344,-0.7290,0.7016,0.3394,-0.7474,1
-0.4031,0.3385,1.2939,3.3792,-0.9802,-0.2257,-2.0225,-1.2769,-0.4589,-0.6437,0.4098,0.4761,0.9149,0.8207,0.0427,-1.0761,-0.6826,-0.5090,-0.4958,-2.2783,1
1.2694,0.0471,1.7502,0.3555,-0.0592,-0.4033,0.0265,-0.0517,0.8628,-0.3732,-0.3792,0.6872,0.6886,0.4877,-0.6530,2.9917,2.0711,0.0821,1.1124,0.2084,0
-1.0385,-0.1873,-0.6504,0.1197,0.3019,1.2284,-1.3532,-1.1272,-1.3356,0.3499,0.4222,0.4101,-0.1496,-0.7439,-0.7016,0.1028,1.1126,1.0347,-1.8356,-0.1676,1
-0.7993,-0.8252,0.1230,-0.4905,-0.5992,-1.4685,-0.0726,-2.3500,-1.0623,-0.3433,-0.1251,0.4216,0.9609,0.6222,0.7091,-2.7295,0.2770,-0.0450,-0.9474,-1.3927,1
-1.5857,0.9288,0.6890,0.7190,-1.3237,-1.2744,-1.0364,0.4151,-0.6408,1.2957,0.0999,0.2922,-1.9580,0.4297,-2.0024,-1.4103,-1.6574,0.9353,-1.6980,-0.6824,1
0.3919,1.5525,-1.5484,1.7325,0.8370,-0.6174,2.1156,1.1308,0.3051,-0.7209,0.4772,2.8134,0.8266,-0.0378,1.5023,0.3417,-0.5556,0.2327,0.0540,0.4346,0
-0.3048,-0.6538,1.3138,-0.7731,-0.9306,-0.7210,-0.6108,0.7797,-1.0283,-0.0391,-1.4591,-0.5657,-3.0102,-1.2550,-1.1307,-0.1979,0.4023,-1.6265,0.1019,0.3497,1
-0.7471,-0.6484,-1.5514,-0.1988,-0.4392,2.6840,0.8277,0.7039,-0.1478,1.3487,1.5991,-0.2799,0.2272,-0.8027,1.1031,0.1278,-0.9732,-0.9648,-1.0644,0.9205,1
-1.1279,-0.8897,1.3709,0.1720,0.4534,0.0298,-1.6068,-1.7503,-0.6021,-0.6515,-0.4883,-0.1095,-1.7807,-0.7150,0.6530,-1.0996,-0.6884,0.3480,-0.6816,0.9454,1
-0.5843,0.9745,-0.1357,1.0602,1.8832,1.0929,1.1476,-0.2618,-0.6377,0.6633,-1.4593,-0.2181,-1.8843,0.4166,-0.4167,-0.3687,0.2595,-1.3155,1.1730,-1.2105,1
-0.7569,-1.0391,-0.5379,-1.0732,-1.5688,-1.7596,-0.7045,-1.5810,-1.4982,-0.2611,-0.4540,0.8987,0.8132,-1.6781,-0.8265,-0.9850,-2.5189,-2.0175,-0.0500,-0.3348,1
-0.6227,-0.3918,-0.9929,0.3499,-0.0170,0.7469,-0.6568,-1.1820,-1.6356,-0.8009,-1.3756,0.4752,-0.9062,0.6170,-0.0842,-0.9749,0.1531,-0.1670,-0.8464,-0.3283,1
-0.4173,-2.5205,0.0234,-3.0306,-0.1025,-0.1524,0.4114,-1.9613,-1.3822,-0.3659,0.5513,-0.3273,1.6380,1.3116,1.0225,0.2044,-0.4977,-0.1230,0.0115,0.2879,1
0.4903,0.4208,-1.1947,0.1329,0.1092,0.1878,-1.7384,-0.3588,-1.1296,-0.7994,0.3598,0.1429,-0.0345,-1.7189,-0.4353,1.1112,0.0622,0.9458,-0.4908,-1.1203,1
-1.2334,1.6153,-1.0903,-1.2390,1.8423,1.5263,1.9743,0.0024,1.2777,-0.7390,0.3537,0.5426,1.2190,1.3493,0.0652,1.5092,2.3064,0.2432,-0.3636,1.4896,0
-0.4455,1.4884,0.7114,1.1948,-0.0485,0.5826,0.6902,1.2608,-0.9505,-0.3760,-0.4187,-0.5302,-1.1856,1.6134,-1.6649,0.9479,0.7907,-0.4189,0.3182,0.0631,0
1.0302,-0.1233,-0.3205,0.5834,0.2692,1.6185,-0.0433,-2.0654,0.2300,0.4631,-0.3797,0.4062,1.6624,0.2119,-0.2999,-0.7592,-0.2132,0.7179,-1.4023,0.0559,0
0.2783,-0.2450,-1.5946,0.6489,-1.7444,-1.2134,-0.7958,0.0638,1.0845,-0.3321,-0.2767,-0.9038,-0.4123,-0.7745,-0.4902,1.5952,2.3450,0.2696,-0.6846,0.3074,1
0.9942,-0.0657,-1.5911,-0.1826,-0.5471,-0.5109,0.3122,-0.3995,0.1377,-0.5603,-0.5269,0.1173,0.1997,-0.4259,0.9684,-1.3190,-1.4081,0.9725,-2.3269,-0.8516,1
0.0897,0.1294,0.7150,1.4126,0.2726,-0.1054,0.5990,0.0485,2.1330,1.2156,2.4432,0.8496,-0.2814,2.0100,0.1187,0.6026,-0.5565,-0.1478,0.9978,0.3727,0
-0.4026,-0.5406,-1.3724,0.5348,-0.9815,-1.0329,-0.7093,0.4329,-0.5387,0.4829,0.9141,-1.1925,0.2654,-0.8129,-1.6505,0.2647,1.1304,-1.8482,-1.4488,0.3052,1
1.2810,3.0361,1.3007,0.4074,-1.5182,-0.6928,0.0251,-0.0131,-1.2372,0.9129,0.2973,0.5600,2.3459,0.5900,0.8570,1.0719,-0.5913,-1.2595,1.1441,1.0565,0
-1.8989,-0.2707,-0.6691,0.0889,1.3055,-1.8905,-0.2115,1.2482,2.1396,0.4030,-0.5750,-2.3685,0.2850,1.2264,0.7870,-1.4806,1.1563,-0.8330,-1.8841,0.3756,1
-0.3792,0.4440,-0.6590,-2.0103,-1.6587,0.0613,-1.3176,0.2162,-0.3052,-1.4740,0.3178,-0.8947,-2.0067,-0.7869,0.4581,-0.8352,-2.4763,0.9602,-1.6902,-1.0739,1
0.6511,-1.4610,-2.2403,-0.6440,-1.3707,-1.6325,-0.5762,-0.8444,0.3600,-0.7543,-1.6509,-1.9553,0.5756,-0.5250,2.6636,-1.4001,-2.1959,-0.1607,-1.0163,0.5995,1
-1.0333,-1.0747,-0.6520,-0.4395,-1.4944,0.5796,-1.0694,-0.8506,-1.7078,-0.5744,-2.0675,0.7483,0.2584,0.6058,-0.6999,-1.9170,-0.3636,0.3985,-0.6814,1.2308,1
-1.0467,0.6874,-1.2456,-1.8925,-0.1480,1.5965,0.7718,0.2820,-0.7082,-1.8414,0.1542,0.7114,0.0917,-1.7068,-0.5313,-1.7435,0.1074,-1.4943,1.8126,0.6907,1
-1.3353,-1.0215,-1.4144,-1.5201,-0.5681,-0.4098,-2.8222,-0.5430,-0.7162,0.5612,-0.7470,-2.1210,-1.4739,0.1309,-0.6418,-1.8189,-1.0700,-0.3194,0.1431,-0.9375,1
0.1813,-0.7517,0.6763,0.2731,0.5895,-0.5028,0.1043,0.4289,-0.3295,1.1677,0.7625,1.1107,-0.5879,1.8391,0.5506,1.4578,0.4585,-1.4588,1.8764,-1.2128,0
0.0587,-0.8976,-0.2394,0.5862,0.7364,0.2790,-0.8128,1.0336,0.2914,-0.7844,1.1126,0.6691,0.8955,0.1069,0.1982,1.3136,1.0950,1.7356,-0.0962,-0.1368,0
-0.9993,0.3756,-1.6807,-1.2030,0.4775,-0.5846,2.5315,-1.2047,0.0767,0.9400,0.8005,-2.2778,2.0747,-1.3142,-0.1326,-1.4544,-1.8275,1.0886,-0.3872,2.0277,1
0.6345,-1.0678,0.8718,-0.9726,0.2425,0.4335,1.4015,-0.1619,0.3608,2.1013,0.3635,1.5226,1.0794,0.7527,1.0823,0.1508,0.7078,-0.0299,-0.9336,0.7389,0
-0.6888,-0.1701,0.4236,-0.5121,0.9390,0.1388,0.1946,-0.0651,0.8676,1.2662,0.3068,-0.2630,-0.2790,0.7442,0.4457,0.3784,-0.8335,0.0558,0.5359,-0.7282,0
-0.7226,0.7295,0.9747,0.1922,1.2315,0.5231,-0.0939,0.4871,0.1697,-1.0611,-0.2307,1.2569,0.9135,-1.1705,-0.4730,0.1378,0.1277,2.8622,0.5733,0.8348,0
-0.0418,0.1129,1.2965,-0.2417,-0.7958,-0.0455,-0.2205,-3.0150,-1.6089,-1.0472,0.0396,-0.0563,-0.1853,-0.5878,2.2150,0.6373,0.8173,-1.0868,0.8636,0.2870,1
1.9144,0.4038,-0.5700,1.2674,0.9853,-0.4081,-1.3583,-1.0587,-1.0190,2.0909,1.0531,0.6745,1.5735,0.4156,0.4513,0.4668,-0.6141,1.2232,1.4409,2.8530,0
-0.0949,-0.2561,0.0513,0.4090,-1.5042,0.0990,-0.3699,-0.3274,-0.5495,-0.0821,-0.8454,-1.0998,-1.7471,-1.5234,0.9473,-1.3193,-0.8067,1.5111,0.3993,-2.1612,1
1.6975,0.8548,-0.1182,-1.1920,-0.0210,-0.1465,-2.1920,-0.2915,-1.2494,-0.2545,-0.2285,0.5191,-0.8405,1.3436,0.7114,-0.7053,0.1453,-0.8667,-0.1127,-0.6408,1
-1.4800,-1.0233,0.0839,-1.0436,0.6533,-0.1098,0.2760,-0.6492,-2.1764,-0.0894,-1.1280,1.0423,-0.4521,2.2428,-1.3435,-1.2237,-0.8683,2.0118,-0.6034,-2.6897,1
-0.6377,-1.3755,-0.4447,1.0526,-1.9843,-0.8951,-0.6122,0.2353,-1.4316,0.6455,-0.8709,0.6861,0.3399,0.2446,-2.2112,0.6817,0.3392,-1.2257,-0.3612,-0.7604,1
-1.6795,-0.0524,-1.2437,0.1509,-1.3448,1.7640,0.0776,1.3403,0.1292,0.3332,0.4392,-0.2855,-0.7107,-0.9238,-0.6274,0.7484,-1.4297,-1.2120,-0.5250,-0.8696,1
-0.7538,-1.1341,0.4841,-0.5974,0.6440,-0.3893,-0.4561,1.0293,-0.0664,0.4959,-0.2961,0.1168,-0.0001,0.5573,-0.4883,-0.2563,-1.1322,1.4837,-0.2189,2.6026,0
-0.2251,-0.2712,-1.5432,1.4076,-2.0216,0.9169,-0.8586,-0.5327,-1.1993,0.8148,1.9088,1.1146,-2.1947,0.3066,-1.4641,-0.4410,-2.0893,0.0429,0.0192,0.5968,1
-0.4757,-0.2479,0.4555,-0.2484,0.4041,-0.2581,1.0483,1.4476,0.0498,0.8768,2.1879,1.1203,-0.2165,-0.5394,0.6778,0.7958,0.6442,1.5322,-0.3857,1.4678,0
0.0751,-1.7976,2.2750,-0.6894,0.8953,-1.0824,1.0734,-0.6468,-1.5117,0.4899,0.9248,-0.0010,-0.3814,-0.4168,-0.8744,1.0928,0.3617,0.4667,0.8858,-0.3976,0
0.1926,0.6704,1.7598,1.1639,1.2951,-1.2606,-0.2456,0.3177,-1.7184,-0.7173,-0.3715,-0.2314,2.1418,-0.0494,-1.4313,0.4136,-0.5747,-1.0887,0.8583,1.3606,0
-0.0144,-0.6737,0.6085,0.9623,0.2689,0.6251,-0.6815,1.2306,1.8394,1.1166,-0.0482,0.8507,1.8732,1.2799,-0.0180,1.1402,0.7996,0.6280,-0.4085,0.6493,0
-0.9388,2.3634,0.9264,0.6411,1.8204,0.7281,-1.1118,-1.3861,-1.2621,0.2214,-0.3922,0.2620,-0.4834,0.0008,0.8492,0.2484,0.4813,-0.3322,1.6064,0.0601,0
-3.1465,-2.2928,0.0229,-0.3631,-0.5331,0.8844,-1.9055,-1.4640,-0.4668,0.9001,0.4394,0.4591,-0.4041,-0.5905,-1.6185,-0.8407,-0.1318,-0.5679,-0.1981,1.5953,1
0.4673,0.0668,-1.6225,2.2822,-1.6975,-0.1378,-1.9740,0.3039,0.2241,-1.1347,-0.2225,-0.4117,0.5215,-0.6730,-0.2719,-1.5814,-0.6643,-1.5264,-0.6917,-0.5236,1
1.9728,1.9074,-0.5630,1.1031,0.0562,-0.3185,0.7111,2.3228,0.5487,-0.3309,1.1350,-0.0485,0.9363,1.6505,0.2446,0.8746,1.6106,2.4675,-0.9777,-0.6045,0
0.7934,-0.5060,-0.3710,0.1802,0.7880,-0.0177,-0.0184,-0.5311,1.5532,1.9786,1.3375,-0.1435,-1.1219,1.1811,0.7868,-0.3284,0.0528,-0.0496,0.8138,0.3620,0
1.9184,2.1080,0.5306,0.0042,-0.3014,-0.2568,1.6494,-0.1501,0.2534,0.2355,0.9857,-0.0806,-0.5376,0.2623,-0.0514,-1.5138,0.2630,2.0133,1.9229,1.6652,0
-0.2022,-0.0403,-1.7122,-0.2643,-1.2995,-1.0875,-0.6552,-1.4672,-0.3532,-0.8873,1.0625,0.1877,0.9136,-1.2014,-0.0656,-0.2184,-0.1462,-0.6306,0.8450,-0.3128,1
-0.2911,-2.0478,-1.8275,0.5894,1.5115,-0.9390,0.1458,-0.8118,-2.3221,-3.1997,-1.7188,-2.1549,0.9104,-0.6726,1.1025,0.1730,-0.7187,0.2217,1.0426,-0.7008,1
2.7304,-1.5317,0.8320,0.0461,-1.8137,-0.1010,0.7882,-0.3383,-0.1608,-1.3652,-2.6718,0.0367,-0.3885,1.6726,0.3413,-0.3168,1.2082,0.7329,-0.0921,1.5267,0
-0.9692,0.8225,0.8018,0.4675,1.7108,1.3408,0.1840,-0.3656,1.2855,-0.4956,0.8017,-0.9174,1.0147,-0.6862,-0.1821,0.3872,1.1355,1.5126,1.1497,1.5039,0
-1.2059,0.2653,-2.0052,-2.1659,0.3531,0.9992,0.3348,1.0515,-1.3925,2.0183,1.7174,0.5341,-0.1747,0.0599,0.4644,0.0064,2.0306,0.8758,1.1870,1.1978,0
-0.7791,-0.0340,-1.6326,-0.9087,0.2447,-1.0245,-0.3888,-0.9165,-1.8525,-0.2494,-0.2278,0.0566,-0.1374,1.8420,-0.6740,-2.8618,0.9552,1.2442,1.0445,-0.0717,1
-0.3898,1.9724,0.7034,0.2028,0.0843,1.3055,-0.3059,0.6163,1.3232,3.1187,-0.7764,0.0397,0.7306,-0.2193,0.6396,-0.3066,2.2024,-0.0686,0.6147,0.6035,0
-0.1550,0.2452,0.0934,-0.0847,0.7050,1.7450,-0.2420,0.1599,1.8528,1.0143,1.0102,1.4445,0.1142,0.9911,2.3205,-0.0093,3.6523,0.9080,0.6989,-0.3005,0
-0.7576,1.1036,-0.2791,-1.1888,-0.4705,-0.0668,-1.1143,-2.3644,-1.3803,-1.5733,-0.4039,0.3349,-1.1879,-0.9215,-0.9405,-1.4385,-0.2393,-1.0768,-0.5053,-0.7824,1
-1.3741,1.0064,-1.1572,-0.5190,-1.9174,-0.4425,0.4529,-1.8076,0.3552,0.0601,0.9677,-0.6043,-0.4393,0.5082,-0.7695,-0.6272,0.2615,0.8412,-0.7072,0.2923,1
-0.4200,0.5632,0.9106,-0.0063,-0.4565,2.2717,1.9362,3.1128,-0.8911,-0.4490,-0.1514,-0.3501,2.0752,0.8220,-0.1274,1.0225,-0.1793,-0.3828,-0.0189,-0.0351,0
1.2603,-0.7294,1.5593,-0.1135,0.1013,1.3887,2.3563,1.6341,1.8114,0.5621,-0.8007,0.2737,0.4354,0.6031,-0.2579,-0.0465,1.0051,0.6600,-1.1752,-0.3790,0
-1.4493,0.4704,0.1994,-2.5558,-0.6460,-0.5036,-2.3153,-0.9966,0.3508,-1.0763,-1.6481,-1.6093,-1.4966,1.3438,0.9071,-0.6422,-0.1914,0.9500,0.9498,0.0033,1
0.1709,-0.1530,0.7424,1.4278,2.1946,-0.9543,0.0329,-1.0633,1.0922,0.6972,1.5232,0.6995,0.0571,0.8556,1.0963,-0.1919,1.1149,0.3087,-0.3281,1.0904,0
-0.1743,-1.7748,1.2550,0.3706,-0.0769,-0.6119,0.6028,0.7891,0.2436,-0.4201,0.3308,-0.1239,0.3274,0.7427,1.5844,-0.1849,0.1791,-0.3249,0.4153,-0.8152,0
0.6155,-0.5619,-1.3032,-0.8526,-0.9359,-0.8025,-0.4799,0.3395,-1.3020,-0.9644,-1.0821,0.1182,0.0029,0.8212,0.6866,0.7699,-1.0579,-0.5882,-0.3941,-0.0006,1
0.0132,-1.1060,-1.1073,-0.1176,-1.2887,0.2812,1.4490,2.0192,1.3294,-1.5446,0.2517,0.8741,-0.2940,1.1741,0.0149,-0.4625,1.6282,1.5860,1.4566,2.5332,0
1.7058,-0.2318,0.8345,1.5618,-0.1114,0.6647,0.4286,0.3911,0.1248,2.4094,1.1716,0.5650,0.6314,-0.4048,1.4884,0.1583,0.2882,0.5320,0.1403,-0.9197,0
0.0155,-0.4554,0.2128,0.2471,0.6096,0.8037,-0.1855,-1.1582,-0.6297,-0.8725,-1.1265,0.0334,0.4507,-0.6290,-0.1491,-0.7400,0.8845,-0.6411,-1.9346,-1.3978,1
0.9296,-2.0690,-0.7498,-0.2610,-0.7497,1.0956,-0.2732,-1.0636,-0.7692,0.0173,-1.4504,-0.5772,-1.0105,-1.0618,-2.0043,-0.0923,-1.4576,0.5376,-1.1249,-1.4659,1
-1.2664,-0.9317,-0.1639,-1.5742,-0.0462,-1.4306,1.1107,0.6716,-2.4232,0.2798,-0.6219,-0.6627,-2.0481,-2.5410,0.8627,0.8256,-0.0197,-2.1004,-1.9603,-0.3123,1
-0.0521,-0.8719,-0.6441,-0.2069,-3.0237,-0.1734,-2.3287,1.1096,-0.0519,0.3506,-0.6123,-0.9880,-0.4901,-0.3096,-0.1590,0.9336,0.2271,1.2712,0.0317,0.0304,1
-0.6120,-0.6795,1.2795,-1.7606,-0.7499,-1.7122,-0.6842,-1.5031,0.1006,-0.2835,-0.5526,-0.3495,-1.3263,-1.0225,-0.8613,-1.1639,-1.6672,0.5167,-0.4405,0.2186,1
-0.9160,-0.3564,-1.5315,0.8518,-1.5914,-0.0661,0.0820,-0.1986,0.1866,0.3177,0.1741,0.6131,-0.1329,-0.0627,-0.6867,0.4607,-0.9327,0.7528,0.1681,0.6864,1
1.8573,-0.0994,0.0487,0.6785,-0.5521,0.5879,0.1803,0.1122,0.3980,1.3825,-0.1764,0.1178,1.0060,0.8502,0.4151,-0.3660,0.1315,-0.1380,1.2251,0.9205,0
1.4472,1.0141,0.1356,-0.1319,2.1233,-0.1656,2.2153,1.8006,0.9960,-1.2446,0.0265,0.4626,-1.0334,1.4486,-0.8116,1.2953,-0.6198,0.2648,-1.0604,2.2274,0
0.7725,0.1787,0.6716,2.1720,1.7122,0.1192,0.1699,1.8850,-0.1481,0.9790,0.5954,0.8072,1.0809,0.9893,-0.5897,0.6594,-0.2273,-0.8958,-0.3888,3.0355,0
-1.1755,-1.7378,-0.3904,-1.1143,0.1372,-0.2522,-0.6073,1.7850,0.2927,0.7899,-1.7297,-0.4800,0.7730,-0.9684,-1.3695,-0.4292,-1.2586,-0.3206,0.0243,0.0244,1
0.3714,0.2173,1.2666,0.9469,0.7743,0.9846,1.6341,-0.3424,0.0290,-0.5009,1.4100,0.3925,-0.5290,1.6768,-0.3181,0.1067,-1.5033,1.2197,-1.8216,2.7014,0
0.5426,0.6120,-0.0638,-1.4970,0.0137,0.6495,-0.4091,0.7808,0.2187,-0.1078,1.4522,1.0600,1.0140,0.9214,0.5662,1.0368,0.8543,0.4370,0.8791,-0.9258,0
1.5121,1.5384,-0.3709,-0.8017,-1.6948,-1.0253,-0.0050,-2.7358,0.7084,0.7063,1.0283,2.4706,1.2250,-1.0412,0.7009,-1.8210,0.4473,0.0169,-0.4331,0.2136,0
0.8558,0.7321,1.8679,0.1881,1.4903,-0.1983,0.9622,0.5903,-0.4187,0.2346,0.8656,0.0224,0.2203,0.3732,0.8283,1.5693,1.7455,0.2352,0.9064,0.9908,0
-1.3502,0.0596,1.1623,1.2191,1.1135,-0.0386,0.0334,0.1495,0.5166,0.3595,2.0413,0.4734,0.5827,-0.5088,1.3978,-0.4422,0.4761,1.6421,0.2917,0.0267,0
0.4736,-0.9659,0.6129,0.3122,-1.1322,0.4864,0.5833,0.2042,-0.7810,0.3170,-0.6033,-1.4813,-1.1170,-1.0063,-0.2826,-0.8421,-0.7954,-0.3483,-0.8592,-1.2377,1
-0.7243,-2.2010,0.9515,0.2180,-0.7110,-0.0403,0.9416,-0.6681,0.6346,0.8347,-1.7748,-0.1493,2.1732,-0.5652,2.2311,0.4420,-0.3393,1.3388,1.5165,1.6417,0
-0.8342,-0.9360,-0.5911,-0.6040,-0.4300,-0.7953,0.3711,-0.2927,-0.6745,-0.1920,-2.0844,-0.6935,-1.9585,-0.2325,-0.9891,-0.8205,1.9214,-1.4826,-0.0916,-3.4200,1
0.7402,0.7118,0.9165,-2.3660,-0.1032,0.5788,1.7057,0.5460,-0.0671,0.7992,-0.6572,-0.8379,0.0130,-0.4773,-0.2672,0.6398,1.5785,0.2903,0.0982,0.4587,0
0.6484,1.8825,0.1941,-2.2030,1.0157,0.1758,-1.4387,-0.6009,-0.6412,-0.7477,1.8260,-1.5457,0.3331,0.2887,0.2546,-0.8275,0.1611,0.7163,-0.0789,-0.0860,1
1.7730,-0.2434,-0.1292,-1.0992,0.2298,-0.5498,0.0866,0.0983,-0.3455,-1.4078,-0.2956,-0.8720,-1.4271,0.3390,0.9435,0.1371,-0.3872,-0.1358,-1.2322,-0.0919,1
3.0544,-2.1348,0.2283,-0.9450,1.0624,-1.4580,0.1706,-0.8726,-0.9445,-0.3360,-0.7613,-0.7718,-1.1932,-2.4621,-1.2663,-0.0334,-0.5449,1.3111,-0.0592,-2.0833,1
0.8806,0.1192,0.7513,2.3353,-0.0610,0.2033,1.2927,0.1901,2.5831,1.0021,0.0014,0.2816,0.4166,-0.1490,1.6851,-1.8084,-1.5037,0.4272,0.2307,0.1498,0
-0.5827,0.9237,-0.7693,-1.6946,-2.4492,-0.5646,-0.1487,-2.1721,-0.2744,-0.9493,-1.0420,-2.3476,0.3425,-0.5912,1.3648,-1.1608,0.5160,-0.4039,0.7589,-0.1637,1
-1.4355,-1.6905,1.6700,-0.5389,-0.4739,-0.7710,-0.8860,-1.1634,-0.4483,-0.7448,-1.2315,0.6484,-0.3191,0.7942,-0.5095,-1.8055,1.4374,0.3691,-1.0030,-0.0113,1
-0.9834,0.8840,2.4802,1.5067,-0.4342,0.8437,-0.4748,0.5749,1.2690,0.6479,0.0681,-1.2295,0.0825,1.3590,0.8739,0.6126,2.7303,0.1357,2.6314,2.2979,0
-1.5276,0.8373,-1.1937,-0.1350,-2.9003,1.1487,-0.2872,0.5653,-2.5841,0.4988,-0.6470,-1.0767,-1.3828,0.1559,-0.7861,-2.4765,0.3634,0.3297,-1.0540,-0.6867,1
0.2490,1.4051,2.8426,0.1769,-0.1880,1.3474,0.5001,1.6079,-0.0382,-1.3021,-0.3342,0.4246,1.2105,0.0180,-0.7008,0.3799,1.2330,-0.0671,0.5068,1.1709,0
2.3502,0.0180,0.1516,2.4565,-0.3250,1.0447,0.3243,-0.1449,-0.6728,0.4571,-0.6524,1.1532,0.5907,1.5943,0.5742,1.4442,-0.6260,0.9914,0.7644,2.6707,0
-0.0062,0.6389,0.4584,-0.6951,-0.0072,-0.8289,-0.0462,0.1227,1.2706,0.3406,-0.2877,2.3158,1.5409,1.4400,0.9211,0.4328,-1.3023,1.8616,0.8258,2.4291,0
1.5922,-0.2118,-0.4138,-0.7931,0.3842,2.7253,-0.9449,-0.0891,0.9751,-0.4032,0.7631,-0.6147,-0.8673,0.2125,-0.6648,-1.4689,0.3425,1.1662,-1.0988,0.8851,0
1.2545,0.0756,-0.3463,1.5095,-0.1948,1.4657,1.5146,-1.7076,-0.5942,1.8882,2.3315,-1.2693,0.2506,0.0709,1.0163,0.6807,0.4277,-0.1123,-0.2490,0.2870,0
-1.3383,-1.7018,0.0307,0.0748,0.8790,-0.9906,-0.1696,-0.4732,-0.5572,-0.8604,-0.7017,-1.6103,-0.9830,0.9683,0.8313,0.0771,1.8066,-0.5717,-0.2088,-2.0555,1
0.2939,-0.4314,0.2870,0.6406,-0.9890,-0.3075,0.4911,-0.1347,0.8548,-1.6163,-2.3046,-0.0128,0.8439,1.4458,-0.2621,1.2992,-0.9232,0.1573,-0.6061,1.0337,1
0.2797,-0.9344,-0.1478,-0.0665,-0.9671,0.4703,0.4794,0.2489,-0.5433,-2.3064,-2.1495,-1.6819,1.2505,-0.7316,-0.9676,-0.1988,-0.8618,0.3674,-1.4868,-1.7404,1
-0.8196,0.2623,-0.5053,-1.1882,-1.7189,-1.1051,0.0717,-1.7900,-1.6127,-0.4330,0.2399,-0.6267,-2.4458,-1.5969,-0.9453,-0.4246,-0.9010,-0.5273,-0.2024,-0.9326,1
-0.2812,0.2716,-0.6130,-1.5829,-0.2803,-0.9921,0.3836,-0.7353,-1.2523,0.2533,-0.5920,-0.8127,-1.2096,-0.9247,0.5295,-0.2188,0.8321,-1.0726,-0.1715,-1.4778,1
-1.2141,-0.3537,1.2638,0.5894,0.6452,2.7263,0.6367,0.6038,1.7495,-0.5196,0.4541,0.1859,0.0728,0.5766,0.3710,0.8301,-0.2084,1.4664,-0.8508,-0.6213,0
0.1013,-2.7567,-1.2198,1.0943,0.7313,0.8030,1.2846,-1.8484,0.1684,0.5582,0.6371,0.9531,-1.0071,1.8592,2.2295,1.5608,0.4353,-1.0499,1.5364,2.1506,0
-1.2387,0.1621,0.9055,1.1477,0.2549,0.9737,1.7716,1.7223,1.3002,1.5072,0.4894,0.9688,-0.4072,0.3489,-1.0821,2.1766,1.3693,-0.9431,-0.8522,-0.4970,0
-0.2492,-0.2407,1.1989,-0.3966,-0.7191,-1.6732,1.6812,0.1269,1.1308,0.6295,0.9977,-1.1566,-0.2908,0.6698,-0.7328,0.7406,-1.5128,-0.0584,0.4942,-0.6095,0
1.1112,1.0144,-0.0809,1.9548,0.3537,-0.0279,1.9674,1.1130,0.3622,1.1025,0.7271,-0.1483,0.4845,-0.2795,1.0315,1.6698,-0.1479,-1.7366,-0.7644,-0.7989,0
-0.7524,-0.0504,-0.3931,0.6830,-0.5161,0.3447,-0.6132,-0.4126,-0.1219,-0.5891,0.1741,-2.1282,1.4318,-0.6972,0.7463,-0.6442,0.5548,-1.5024,-1.5808,-0.3683,1
1.0777,0.1952,2.6603,1.1202,-0.0898,-0.7898,0.1303,0.7492,1.3265,-0.2184,-1.3789,1.0405,1.3780,1.2447,0.0901,0.0936,0.0444,1.7289,2.8143,0.8878,0
1.2781,0.1686,-0.7401,1.5640,-0.3981,0.8688,1.8209,0.3299,1.1207,1.8373,0.9600,1.3188,0.3243,-1.0365,-1.5324,-0.4648,0.9976,1.1914,-0.3550,1.6952,0
1.5104,2.0585,0.3901,1.3951,2.0700,0.4825,-0.8356,-0.1141,-1.0221,0.4769,1.0534,0.8276,0.3407,0.6521,1.0394,-0.3814,1.2228,-1.5340,1.3816,1.4767,0
0.3052,0.8909,3.2235,0.0533,0.7131,-0.0805,0.5557,-0.3706,-0.3953,0.1537,0.9161,2.0826,0.2799,-1.2681,0.3223,0.9590,0.9100,1.9870,0.0648,0.2875,0
0.0113,1.9510,1.2436,0.2687,1.1130,0.7305,-0.0069,0.9839,1.1236,0.3457,1.2538,1.5144,0.1303,0.8806,1.1500,1.3693,-1.9734,-0.0599,2.0254,2.2857,0
-0.6197,-0.7138,1.8096,1.4590,-2.9126,2.1612,1.5947,2.2512,0.3437,1.1122,1.0084,0.9859,0.2865,-0.9223,2.1828,-0.4254,1.9863,1.3422,1.1027,-0.9549,0
-0.9243,-0.4852,0.5366,-1.2050,-1.0260,-0.1152,-0.6328,0.6440,0.2778,0.1428,-1.7738,-2.4144,0.8148,-1.0868,-1.5280,0.9218,-0.8715,-0.7006,0.6489,-1.2949,1
0.0750,0.3599,-1.6942,-0.5562,-0.8373,-1.1051,-0.8146,-1.5080,0.8440,-1.1660,0.1895,-0.6916,-0.8196,-2.4609,0.5344,-1.9778,-0.3206,0.2307,0.4509,-1.1542,1
0.4265,1.3632,1.5278,0.2449,0.8377,2.0126,-0.3317,1.1505,-0.9967,1.4138,0.6456,1.1747,0.3910,1.5642,1.0935,-0.6296,0.3707,2.0390,-0.4406,2.7727,0
-0.9129,1.6493,0.6782,0.8692,-0.4714,-1.1077,-0.0897,0.6123,0.5673,-1.7489,-0.9125,-0.6388,0.0594,1.0671,0.5637,-1.1980,-0.4922,-2.5900,-0.6500,-0.0525,1
-1.0155,-0.4227,-0.3021,0.6640,0.1450,0.3862,0.4970,1.0264,0.8324,1.6699,0.7848,0.9009,1.3528,-0.6194,-1.5265,2.0843,-0.5266,0.1307,-0.0044,2.2911,0
0.3865,-2.0254,-1.5771,-0.3731,-0.4519,-0.6005,-1.4114,0.9961,-0.9530,0.4818,-0.6516,0.2693,-0.1583,-0.5926,-1.1964,-0.6242,0.4045,0.2495,-1.0167,-0.7891,1
1.1607,1.0119,-1.2261,0.7474,-1.6555,1.2768,-1.4814,-2.1228,-1.3023,0.3437,-0.6677,-1.1248,0.9249,-0.9487,-0.2550,-0.8935,-1.0693,0.0807,-0.8979,-0.8426,1
-1.4509,-0.4163,0.5445,-1.4702,-0.5762,-0.6391,-0.6514,0.2349,-0.5698,-0.8065,-0.4856,0.1987,1.0856,1.0432,-0.3659,-0.5577,-0.9375,-1.0713,-1.2109,-0.8590,1
1.7939,-0.2258,-0.3545,-1.6745,-0.2521,-0.8184,0.1020,1.7218,0.5844,0.1227,0.3027,-0.4232,0.7182,1.6532,1.2073,0.5034,1.4270,1.1869,-1.1108,0.2141,0
1.8196,1.0137,0.8931,0.4116,0.7657,0.7439,1.5615,0.6704,2.3760,1.2494,0.6637,0.7197,-0.0639,-0.1431,1.0112,3.2538,0.4841,0.6318,-0.2210,-0.5708,0
0.4907,-1.3123,1.8297,-0.0646,3.0598,1.5677,1.3745,0.5184,0.9900,-1.6664,2.1137,0.5061,0.3685,0.3453,-0.3459,0.0578,2.6917,1.8191,0.9245,3.5781,0
0.4354,-0.2686,1.1213,0.1539,1.3534,1.8026,0.9492,0.7371,-1.4829,-0.5265,0.7884,-1.4295,0.5288,1.0844,1.5211,-0.2156,1.0568,0.9056,0.6645,0.8240,0
-1.9173,-0.0197,-0.7139,-1.0193,-0.7434,0.5078,-0.1147,-0.5392,-0.4892,-1.7785,0.5800,-0.1788,-1.5751,-0.9028,-0.3809,-1.5105,0.4323,-1.0052,0.3004,-0.6589,1
0.0765,-1.2918,-0.5845,-0.6990,1.1897,0.1940,0.2666,-0.9532,0.4399,-0.7316,-0.6992,-1.3052,-1.5007,-2.2135,-0.6347,-0.1673,-1.9522,-0.5168,-0.3304,-1.4491,1
-0.1194,-1.2632,-1.5634,-0.1175,-2.1891,-0.5831,-0.3209,1.0367,-0.7725,-0.9959,0.2637,-0.8752,-0.7068,-0.7871,-2.8666,-0.0280,-0.9677,-0.0419,-0.7909,-1.0889,1
-1.8069,-1.0913,0.8194,0.0445,-0.5613,0.3678,-0.0380,1.1942,0.4900,0.0254,1.1311,-0.1747,0.4307,0.2214,-0.2778,-0.9692,0.8350,-1.9718,0.8021,-0.6114,1
-0.9437,0.1041,0.0111,-0.3895,-0.5107,-0.4872,0.9976,-0.1158,-0.5856,0.4842,-1.7679,-1.5759,-0.8541,-1.0491,-0.4270,0.4528,-1.3532,-0.0148,-1.8588,-2.5553,1
0.7093,-0.3658,-0.3407,-0.0246,0.1456,-1.1490,1.8699,0.8116,1.5182,-0.6590,2.7571,-0.2055,-0.0709,0.9438,-0.0782,0.3627,0.9561,1.1217,-2.3366,0.0306,0
-0.2831,0.1579,0.8627,1.5878,-0.7296,1.6092,-0.7305,1.4876,0.9599,1.9376,-0.2883,0.0599,1.1756,0.1455,0.8483,1.0588,0.9282,-0.3094,-2.0666,0.4657,0
-0.4184,-1.8079,0.3203,-0.1704,-1.0441,0.5447,-0.2669,-0.4293,-1.2208,-2.1548,-0.5610,-2.0335,-0.4378,0.3111,0.2359,-2.0710,0.5171,-1.2922,-1.1776,-0.6915,1
3.0650,1.4560,-0.6388,0.1332,-0.8306,-0.4366,-0.2536,1.0592,-2.3638,-0.3294,0.9154,-1.0377,0.5415,2.4456,0.6936,0.1453,0.6847,0.1535,2.0539,0.0741,0
-0.6910,-0.6263,1.6142,0.4131,-0.4119,1.0402,-0.8733,-1.9723,-0.3223,0.2452,-2.2582,-0.6421,1.0408,1.3508,-1.4416,0.4506,-0.0067,-2.0400,-0.0473,0.8284,1
-0.6453,0.3255,0.5057,-0.9428,-0.0827,-1.1077,-1.4771,-1.1658,0.4391,-0.8992,0.8217,-0.8009,-2.2562,0.5342,-0.9100,-0.4038,1.3842,-0.7003,1.9696,-0.7693,1
-1.6118,0.9948,-1.3698,-0.0473,0.3820,2.1396,1.5077,-1.4414,1.5591,1.7621,1.1170,0.2334,-1.5334,1.1131,0.5554,0.5531,0.4659,-1.2655,1.2503,0.3402,0
-0.0246,1.6779,0.1845,-0.3129,-0.7328,0.8875,0.0297,-0.0023,-0.3485,-0.1308,1.3187,0.6123,1.1079,0.8849,2.1767,2.4482,-0.3360,-1.1558,1.2918,0.6480,0
-1.3629,-0.0063,0.6411,2.2944,1.9067,0.3734,1.8783,-0.3517,-0.4662,-0.5930,0.3129,2.0232,1.2016,1.2738,1.0300,-0.0082,1.2464,-0.1887,0.7286,-0.6356,0
-1.3498,-0.1149,-1.2145,-0.4601,-1.0110,1.0276,0.2956,0.6033,0.0500,-1.9388,-2.1648,-0.9911,-1.0803,-0.3794,-1.3902,-1.1306,-1.8397,-0.8651,1.1491,0.3659,1
1.2729,0.8526,1.0666,-0.1270,0.2927,0.1760,0.9606,1.1683,-1.5997,0.1376,0.3364,1.3896,-0.1872,0.9037,1.2149,1.7108,-0.2560,1.1572,-1.1253,0.5814,0
-1.4639,-0.7003,1.1630,-1.2883,0.2663,-0.5111,-0.8417,1.3577,-0.1363,1.5043,-0.0234,0.8995,-1.3030,0.7422,0.0435,-0.8261,-0.4602,-0.1306,-2.2738,-0.0072,1
-1.6985,-0.5476,1.2343,-1.0239,-1.3256,-1.5648,-1.2087,-0.8832,1.4934,-1.3459,-0.5532,-0.6570,-0.2412,0.5417,-1.8471,0.6285,-0.9686,-1.0224,1.4749,-1.3473,1
1.9176,0.5985,-1.0442,1.7686,0.1169,0.7795,0.4743,-0.2833,-0.1073,-1.1381,0.8441,0.0278,1.6754,0.8052,1.3182,-1.4080,1.1956,-1.4053,0.5729,-0.6873,0
1.4243,1.8803,1.5593,-0.1520,0.1539,0.4360,-0.0051,1.7065,0.3269,-0.6284,0.8822,2.3909,0.2125,0.4604,1.5824,0.6266,-0.0255,0.5058,0.8727,-0.8096,0
0.9761,0.1711,-0.0089,-0.8682,-0.3185,-0.9168,0.1028,-2.0204,-1.0359,-0.5708,-0.9953,-0.4394,-0.6557,0.8320,0.0777,0.6760,-0.1838,-0.2282,1.1530,-1.5782,1
0.0004,2.5772,-0.0007,1.6511,-0.5562,1.4339,0.5263,-0.0400,0.4655,1.8327,0.3781,-0.6784,1.3708,-0.3765,0.8231,1.9541,-1.0689,0.7023,-0.3171,1.4449,0
0.8813,1.1756,-0.4830,-0.6302,-0.5048,0.4428,1.5229,1.4108,-1.6167,-1.6420,-0.1218,1.7709,0.0484,-0.3549,-0.1938,-0.3092,0.2993,2.2577,1.5577,0.3160,0
-1.6853,-2.7806,0.5387,-1.3741,-1.7765,-0.2839,-0.0926,-0.6566,-0.1342,-0.6021,-1.7910,-0.9009,-2.0890,0.4081,-1.0054,2.0542,-1.7070,-2.2001,-1.0161,-2.2077,1
-1.4855,0.4859,-1.1793,-1.5292,-0.5244,-0.3678,-2.3543,-0.9057,-1.2999,-0.2268,-0.3745,-0.5012,-1.1538,-0.2420,-2.3662,-0.0368,0.4395,0.0797,-0.9009,-1.2240,1
1.9607,0.6163,1.6184,1.0614,0.7774,0.4502,-1.3845,-0.0875,1.0852,-0.7638,0.2055,-0.4072,0.7822,-0.3630,0.7491,0.7549,0.4925,0.4671,0.2230,-0.2712,0
0.8863,0.6642,1.7219,0.5249,1.3132,0.2900,1.4014,-0.6781,0.0472,2.4548,-0.2618,1.0663,0.1143,-0.1883,0.1599,-0.9865,1.0837,1.7942,1.0083,2.1498,0
-0.4795,-1.7730,0.8825,-0.3634,0.3748,-3.0215,0.3445,0.9597,-1.2428,-1.6205,-0.6578,-0.2009,-0.0811,0.2182,-0.5027,-0.3908,-0.7329,-0.4592,-0.7482,0.9729,1
1.3800,1.4382,0.3255,-0.7775,-0.6436,1.6990,1.6981,0.2188,0.5804,1.0158,-1.2780,0.0198,1.0129,1.4983,-0.0708,0.7925,-0.6256,0.2340,0.5631,-0.2023,0
0.9504,1.1469,1.5014,0.0847,1.6730,0.8849,-1.7346,-0.5474,-0.0789,0.5688,0.1415,1.7733,0.8839,-0.2902,2.4541,-0.7164,0.7084,-0.3787,1.5206,0.2875,0
0.7881,-0.0753,-0.0334,-0.7760,-1.3460,-1.8898,1.2931,-0.6317,0.6787,1.1059,0.7999,-1.7862,0.4197,0.1662,-0.4838,-0.3028,-0.0786,1.2334,2.0065,2.7907,0
0.5056,0.4193,1.3250,0.9943,-0.1933,-0.9793,0.0138,0.3991,-1.2279,-0.0209,-0.1121,0.8169,0.5156,0.8333,-1.1372,-0.4570,0.8776,0.4706,0.7053,0.3755,0
-0.0925,1.1711,-0.4522,0.2123,-0.7589,0.6053,0.9741,0.1240,-0.6252,-0.1533,2.0445,1.1482,-1.7132,-1.5786,1.8195,-1.0052,-1.0559,2.2673,1.5189,0.1300,0
-1.1624,0.9232,0.8745,0.0301,1.0499,-0.4373,-0.4700,1.9261,1.5433,0.0890,0.1123,-0.3927,0.2779,-0.8722,0.4844,0.1191,1.4401,0.2791,0.1876,1.1342,0
0.9777,0.6690,0.8692,-2.6829,-1.4129,-0.3961,0.9449,-0.4610,-1.6919,-1.5383,0.6786,0.8769,-0.4544,1.6162,-1.0704,0.0130,0.3502,-1.0563,-0.5811,-1.4495,1
0.5420,-0.6577,0.7583,0.8802,0.2837,-1.6421,0.2263,-1.0846,-0.3676,-0.2218,-0.5295,-0.9801,-1.1492,-1.9337,-0.1488,-0.2771,-1.8510,-2.0774,0.1330,-2.2106,1
-1.5397,-1.9460,0.1434,0.5024,0.1241,-0.3171,-1.8209,-0.1378,-0.8227,0.2465,-0.8516,0.5769,0.0730,-0.4816,-0.7920,-0.2062,-1.3163,-0.6233,-0.9271,1.0899,1
0.4971,0.0582,0.2002,-1.5700,0.1251,-2.3026,0.3008,-0.4214,-0.5395,0.9146,0.6586,0.4046,0.4193,-0.0984,0.7842,0.4740,-1.3725,-1.2473,1.0230,-1.7444,1
1.1745,1.4635,0.3993,-0.3697,-1.4333,-1.0826,-0.5713,1.4029,0.1096,0.7393,-1.5966,0.6312,0.4928,0.2664,-0.6274,0.6498,-0.6838,-0.1935,-1.7663,0.6168,0
-0.8437,-0.8049,1.6783,-2.2913,0.6264,-1.3980,-1.8132,0.6706,-0.9091,-1.0834,-0.7955,-1.2559,-0.7370,0.5116,-1.2665,-0.8470,0.9820,0.2217,-0.1181,0.2730,1
-1.4557,-0.7443,0.1849,0.6893,-0.7630,-0.5691,-0.0613,-2.3073,-2.5660,-1.4998,-0.9593,0.9913,-1.8938,-0.7473,0.5197,-0.5300,-1.0228,-0.7499,0.3474,-1.2420,1
0.7470,-0.0821,-0.1443,-1.2736,1.6507,0.4244,1.9942,0.8533,0.0797,1.2504,0.3294,0.5887,0.5601,1.3314,-0.0833,-1.2063,2.6275,-1.0412,0.1761,0.2621,0
-1.3539,0.9490,0.7493,0.1891,0.9476,0.5236,1.5211,0.5786,-0.2133,1.1744,-0.9422,2.0076,-0.1982,1.1674,-1.6624,-0.3023,1.5245,-0.0318,0.3858,0.2831,0
-0.3335,2.2841,2.8538,0.6931,1.6437,-0.9918,-0.1402,1.3879,0.9227,-0.3013,-1.9040,-0.0554,0.2082,0.2828,-1.3037,-0.2271,-2.0405,0.1905,0.3336,0.4596,0
-2.9309,-0.7780,0.9994,0.3562,-0.4318,0.1623,-0.6422,0.6351,-0.4997,-2.9688,0.2137,-0.6258,0.1964,0.4425,0.6749,1.3450,-0.0412,0.6270,-0.4833,0.6830,1
0.2001,-0.1747,0.9037,-1.2905,1.0665,0.8435,-1.3497,-0.6040,-1.0180,-0.4120,1.0161,0.5386,-2.5137,-0.2014,0.7562,0.1210,-0.1117,-0.4399,0.8043,-2.1812,1
-0.6431,-1.4117,-0.7107,0.1141,-0.7055,-0.5969,1.1199,1.0556,0.1176,-1.4592,-0.2448,-0.8962,1.3470,-1.7367,0.7361,1.3312,-0.2994,-0.2254,0.0170,-1.7432,1
-2.1840,0.0344,-0.7251,0.6913,0.9171,0.4318,0.5192,1.6382,1.8491,0.0992,2.9972,0.7991,-0.5972,0.4437,0.0802,1.9825,1.5024,0.2778,0.4472,0.9304,0
-0.9827,-0.9742,-0.4083,0.8932,-0.5243,-0.7086,-1.5120,-1.4426,-1.6796,0.3196,-2.8215,-0.9442,-0.1825,-0.3326,-0.8975,-1.8493,-0.9081,0.2346,-0.4031,0.5805,1
0.1674,0.2325,-0.4580,1.0811,1.5785,0.8390,-0.2891,1.6130,-2.7585,-1.4294,0.6598,-0.4572,-1.5254,1.9523,0.2678,1.0236,0.8866,-0.4762,1.3125,-0.3560,0
-1.0916,-0.2360,-2.8568,-0.0837,0.5002,-0.8171,1.1146,-2.0914,0.0372,0.8764,1.7087,3.2788,0.2565,-2.0758,-0.3582,0.6125,0.2694,0.4674,-1.1821,0.3636,1
-1.6783,-1.3916,-1.5434,-1.3272,0.1338,-0.8024,-0.4130,-1.4062,0.9967,0.1143,0.5414,-0.1647,-1.2784,0.4613,0.7218,-2.3137,0.6471,0.5261,2.2574,1.7499,1
0.1780,2.6118,0.9083,-1.0653,0.5452,-0.3010,-0.7626,1.2615,-0.0978,1.1107,0.5885,-0.8337,-0.6063,1.8078,-1.0978,1.8279,0.9180,0.1456,0.4276,0.9765,0
-0.6748,-0.5969,-1.3091,-0.4686,-0.5199,0.6405,1.1133,0.1515,0.3364,-1.3121,-0.3615,-0.7826,-0.9205,-0.4515,-0.3213,0.9328,0.0509,-2.2717,-0.3308,-1.8320,1
-0.7293,-1.3435,-0.0479,1.7115,-1.4374,-0.0842,-0.4492,1.2470,0.0530,-0.5924,-1.7816,0.9326,-0.7124,0.5083,-2.6697,-0.0864,-0.9903,-0.5703,1.0871,-0.2794,1
0.7958,0.3904,1.2158,0.7217,0.8140,-0.3845,1.7882,-0.5089,1.6194,-0.6421,-0.2002,1.3325,0.0914,-0.6059,1.0011,0.4142,0.6656,0.3987,0.5303,0.4867,0
-1.3695,0.8129,-0.2817,-0.2941,-1.5023,0.1498,-1.1315,-0.4451,0.3520,-1.1838,1.2476,0.2501,-0.2454,-0.8218,0.0621,-0.7733,-1.2169,-1.8787,-1.0818,-0.6703,1
-1.6682,-0.6540,0.3498,0.0055,1.3570,-0.7603,0.6825,-0.9052,-1.4539,0.7376,-0.1623,0.6725,0.5842,0.1412,-1.2104,1.3303,-0.2232,-1.0914,0.3174,-0.2406,0
-0.6579,0.2797,0.5463,-0.7242,-0.7338,-0.6255,-0.7222,1.9623,0.8683,2.1920,-0.3525,0.2830,1.3694,-0.2505,0.2776,1.5495,0.0527,-0.0603,1.4193,0.5461,0
-0.4615,-1.0610,0.3880,-2.1411,-0.7734,-2.1095,-0.4632,0.1457,-0.7032,0.9767,2.0877,0.3441,0.1876,-0.8158,-0.5910,-1.8393,-0.7782,-2.6250,0.2853,0.2986,1
-2.3354,-2.4140,-2.0229,-2.2532,0.8942,-1.6026,-0.3452,-0.0616,0.4644,-1.5781,0.0324,0.4553,0.1805,0.8396,-2.5461,-1.5665,1.2098,0.4194,0.1735,0.5308,1
-1.9848,-1.2094,-1.3068,-1.5017,0.1927,0.6281,0.3810,-0.2616,1.1763,-0.4590,-1.0959,-1.1110,-0.6705,-0.6447,-1.7273,1.3402,-0.7654,0.5608,-0.8218,-1.2320,1
0.5684,1.2622,-0.5485,0.1644,-1.4933,-2.2008,1.6948,0.5736,-1.4838,-0.7955,-0.4369,-1.1773,-0.5852,0.0069,-0.8879,-0.1035,0.1190,0.1642,0.2641,0.3669,1
-0.2754,0.2183,0.0529,0.3243,0.7302,0.6882,-0.3724,1.9751,0.8749,-0.0593,1.2773,0.5005,-0.9838,0.5257,1.1275,0.5218,0.3536,-1.1061,0.8188,1.8543,0
0.9396,1.1242,0.1142,-0.9799,1.8923,1.0980,1.6948,-0.1604,0.2581,0.5023,1.8879,-0.5591,-0.6926,0.3828,1.3329,1.5845,0.3408,-0.5240,0.2175,1.4925,0
1.8488,-1.6041,-0.4952,0.7589,0.3380,-0.3655,-0.1854,-0.8125,0.3337,2.1613,0.0418,0.9617,1.5314,-0.7956,0.6443,2.2980,-0.3751,0.2224,2.6643,0.2372,0
-0.4311,-1.0560,1.0516,-1.5889,-1.1371,0.7512,1.1195,1.2855,0.3842,0.9812,1.1252,-0.1518,1.2888,0.7528,-0.7161,0.5699,0.1430,0.9314,0.4941,0.3192,0
0.0180,-0.2433,1.8891,-1.1966,-0.2007,-1.4711,0.6057,-0.5723,-0.7309,0.1783,-0.4486,0.6167,0.9898,0.4335,-0.8081,-1.5020,-0.1296,-0.2606,-0.1608,0.5036,1
-0.7302,0.3831,0.1041,1.4556,0.9453,0.8123,2.0935,-0.0585,0.0840,0.8551,-0.4482,1.4436,-1.5457,0.7892,2.3414,0.1019,3.4370,0.4522,-0.3949,0.3380,0
1.7682,-0.4508,0.9995,-0.2651,-0.4668,0.8690,-0.2169,-0.6352,-0.3240,-1.3167,-0.4326,-1.7058,1.6521,-0.0896,0.3774,-1.4747,-1.0483,2.1963,0.1661,0.5966,1
0.5080,1.8576,0.0867,0.5798,1.1149,1.3806,-0.8633,0.8071,-0.5569,-0.3605,1.3475,0.2524,0.2228,0.8434,1.3332,-0.6406,1.3954,-2.0422,-1.7510,1.4591,0
0.5476,-2.0346,-0.5625,-1.5828,2.3111,0.9876,0.1835,-1.1998,-1.0843,-1.3385,-0.9535,-0.7683,-0.3096,-1.2102,0.2702,-1.2128,-2.5657,0.4229,1.6479,-0.4067,1
-0.5474,1.8162,-1.1521,1.3040,0.1486,1.3060,0.7517,0.1482,-0.6348,0.5898,1.5197,-1.0739,0.0313,1.1304,-0.0532,-0.1283,0.1932,-0.4673,-1.5327,-0.3641,0
-0.2546,0.5365,-0.4381,-0.2707,-0.5049,-1.2389,-0.5970,-0.9982,-1.3815,-0.2197,0.8481,0.8147,0.3421,-2.4717,-0.3773,-2.4029,-0.9262,-1.0658,-1.0306,0.6855,1
1.2806,0.5960,-2.1625,0.5881,-0.8324,-0.7736,-1.8121,0.6084,-1.7816,-0.5191,-1.5810,-0.3310,-2.3916,-1.0574,0.3204,-0.0293,0.6025,0.5262,0.6257,-0.3342,1
-0.2969,-0.2027,-1.0283,-2.2445,-1.0321,0.9160,-0.2580,-2.0947,0.0371,-0.2131,-0.5219,-0.9260,-0.7896,0.0009,0.0574,0.3288,-1.4906,-1.4680,-1.5410,-2.2445,1
1.9274,-0.3124,-0.1734,-0.5891,0.3395,-0.9234,-0.0071,-1.3904,-0.4845,-3.5187,0.2812,-0.1537,0.5498,0.4026,0.5233,-0.3381,-1.7181,0.0493,-0.5800,0.6682,1
-0.6310,-0.3179,1.0490,0.0082,-0.9937,-2.2110,-0.6993,-0.1076,-0.3470,-0.2970,-1.8634,-0.5460,0.2257,1.0143,-2.9034,-0.9236,-0.5889,-1.6401,-0.1487,0.2872,1
1.3205,-0.0953,-2.1151,1.8326,1.3420,0.4065,0.6459,1.6834,0.9381,-0.7991,-0.8347,0.0722,0.6921,-0.4094,0.5036,-1.1401,2.1104,0.0409,2.0362,0.9879,0
0.0266,1.4068,-1.0933,1.7657,2.2421,-0.8273,1.1570,0.4207,1.3271,1.3394,0.7993,1.2745,-0.3146,1.6312,0.2300,-0.3609,0.9870,1.2827,-0.3442,0.6705,0
0.5270,0.1782,0.4936,-0.5954,-0.3727,0.8253,0.1199,1.4689,-0.0604,1.3570,-0.8806,-0.1363,-1.0020,-0.6297,0.0261,-0.6287,0.4168,0.5904,2.1193,1.2129,0
-0.1950,0.5072,-1.1115,0.4147,0.6318,1.8169,0.5724,0.0940,-0.2349,0.8975,-0.3131,1.2692,0.9784,2.4215,-0.3822,-1.1075,0.9622,1.7624,-0.6926,-0.3598,0
1.3930,1.0949,0.9342,0.7803,-0.2071,0.2892,-0.1445,-0.1987,0.6988,1.1734,0.7911,2.4693,0.6366,0.7643,0.3092,0.1660,-0.5430,-0.5157,0.4131,-0.5219,0
-0.6224,-1.2224,0.2083,-0.3398,-0.6578,0.0680,-0.2465,0.3122,-0.5288,0.3878,-0.6433,-0.4430,0.1350,2.1649,-1.0336,-2.2288,1.4584,0.7437,-1.4189,-1.5466,1
-0.7612,-0.4147,0.4145,1.1894,1.5190,1.7947,0.2891,0.8793,0.8026,-0.1387,0.3243,0.1691,-0.3613,0.2303,-0.1671,0.8439,0.0040,-0.8158,0.9177,2.8063,0
0.0262,1.5018,0.2180,-0.3064,0.9563,0.6327,0.4823,-0.1345,-0.3267,-0.6998,-0.4606,1.5301,-0.2479,-0.0945,-2.2104,0.4521,1.2425,0.2547,1.0231,-0.2168,0
0.0759,0.5186,-0.9113,0.9404,1.8337,0.4584,0.4643,-0.8498,1.2024,1.4416,0.6939,0.2388,-2.2830,2.0797,1.7570,1.4199,-1.9849,0.3362,-0.0920,-1.7678,0
1.7571,-0.0279,1.1562,0.2893,1.0662,-1.2610,2.0509,1.3012,0.5946,0.1682,1.6985,1.4460,0.3093,-1.1285,0.6126,1.8411,1.3203,-0.3384,-0.0422,-0.0815,0
-1.6354,2.4359,0.7844,-1.8432,0.2481,2.3051,-0.2253,1.6984,0.5588,0.4203,1.1078,-0.4867,3.1713,1.1556,2.0054,1.0472,-0.9677,0.1542,0.4395,0.9268,0
0.3237,0.6478,-0.7786,-0.5655,-0.5156,-1.0914,-0.5978,-0.0419,-1.3105,0.0779,2.4583,-0.6522,-1.0599,0.0034,-0.6200,0.0456,-1.2644,-1.8213,0.2511,-2.0960,1
0.2028,2.0060,-1.2244,0.6327,0.6561,1.1468,0.0415,1.3313,0.8557,-0.3971,2.9184,0.8232,0.7818,1.3909,0.9137,-0.3806,0.5182,-0.7439,1.7336,-0.3954,0
-0.2392,0.2280,0.0077,-1.1967,0.1963,0.3726,-0.8554,-1.5964,-1.2504,-2.0430,0.5136,-0.7890,-0.1287,0.7928,0.2166,-1.9456,0.9024,0.5480,-1.5169,-0.6436,1
-0.1024,1.6102,0.1112,-0.1067,0.7025,-0.9713,-0.0038,0.9227,-0.3384,0.4186,0.7763,0.4184,-0.1748,-0.0276,1.0514,1.6490,-0.2115,1.4462,0.5424,0.5880,0
-0.2270,-0.2502,-0.2180,0.2565,1.1788,-0.3778,0.6153,1.9301,1.2498,1.2780,-1.3216,2.8210,0.2193,0.0883,-0.1280,0.1580,2.0286,-0.4433,0.3633,-0.4294,0
0.8942,-0.2477,1.7688,1.0917,-0.2242,-0.7002,1.6770,0.8586,-0.6968,-0.0542,1.4232,0.1290,0.8720,-0.6503,1.4950,0.7816,-1.5664,-1.0434,-1.5494,0.8281,0
-2.3919,0.0333,-0.2587,-1.7113,0.5983,-0.0773,-2.1942,0.8410,-0.1799,0.2106,-0.0777,-3.0746,0.3395,-0.7722,-1.1539,-2.4836,0.5948,0.8861,-1.2364,-0.8700,1
-1.0955,0.6723,1.5195,-0.2368,0.1673,0.0039,1.7323,0.7367,1.0193,0.8653,0.5835,0.1046,0.7008,-2.4549,1.6717,-1.3029,0.5073,1.2181,1.7449,-0.5159,0
-1.1682,-0.8945,-0.6238,-0.7463,-1.0507,-0.5501,-0.2475,1.6533,-2.4454,-0.1497,-1.1198,0.0922,-1.5476,0.1907,-2.1491,-0.2075,-0.9651,-1.7082,-0.3555,0.3070,1
0.6277,0.3549,1.3516,0.0913,1.3923,0.3175,-1.0138,0.9321,0.0520,-0.5354,1.5084,1.0238,0.4352,1.0813,0.0717,0.0951,0.8497,-0.2819,-1.3513,0.6043,0
0.7443,0.1920,1.3916,-0.1448,0.9875,-0.1912,-0.5706,1.2142,-1.2218,1.0672,0.3031,-0.9045,2.0011,1.3422,0.2989,0.9605,-0.3636,0.2946,-0.5354,0.7139,0
-0.0558,-0.8272,1.8296,0.6342,0.4162,0.3043,1.2269,0.0832,-0.5017,-0.4621,1.2005,0.6916,0.0577,0.9019,0.2810,0.1250,1.5877,-0.0128,-0.5601,1.5129,0
-0.6932,-0.3462,-0.3038,1.4000,0.1215,-0.4862,0.7038,0.4858,-1.7249,2.2594,0.6103,0.0790,-0.2954,0.0033,-0.6391,-1.7049,0.9846,0.0020,0.0850,-0.2826,1
-0.2649,-0.0597,1.2653,-1.6429,-0.4239,-1.9538,-1.3085,0.0338,-0.6575,1.0995,0.9362,-0.8865,-1.1005,-1.3652,1.5443,-0.8210,-0.8873,-0.6733,-0.2129,-1.1828,1
1.6401,0.2714,1.2712,-1.2849,0.0509,0.1494,0.5873,-1.1782,0.7635,1.0359,2.0880,-0.1119,1.1474,-0.5927,-0.8963,1.6224,0.5820,-0.1368,0.6340,0.1165,0
-1.6501,-0.4444,0.6515,-1.1671,-1.3387,-0.7907,0.3271,0.5437,-2.7189,-1.2911,-0.4490,-1.3673,-0.8174,-1.3647,-0.2923,0.6823,-0.6606,1.4127,-0.6224,0.0671,1
1.5783,-1.0565,3.4346,1.7718,0.9588,0.7553,-0.1076,-0.2952,1.4985,0.1990,1.1321,0.8255,0.3319,0.6337,0.2484,0.2642,1.0076,-1.4071,-0.2393,0.7701,0
-0.3150,-0.0267,0.4118,-1.9211,-1.6280,0.4951,-1.1949,-0.7081,-1.4092,-0.0361,0.4794,-1.9256,0.9895,-1.0401,-0.1245,0.3922,0.6523,-0.9590,-1.1025,-1.4170,1
-0.5988,-0.1301,0.0086,-1.2559,0.5061,-0.6855,-0.8637,-0.0414,0.5314,-1.8497,0.4039,-1.1824,-1.5504,-1.5425,0.8658,0.0519,-0.5644,-0.9421,0.7999,-1.0125,1
-1.6874,-1.1127,-0.7801,-1.5205,-1.1573,-1.2864,1.3077,-2.2997,-0.6145,0.5593,-2.6422,2.4080,-0.9895,-1.2567,-0.6346,-0.6925,-1.2566,-1.3661,0.4183,-0.2189,1
-0.5709,-1.8357,1.1701,0.1043,-0.3817,-0.6468,-1.5758,0.7764,-0.4670,1.5504,0.1715,0.3308,-0.8073,0.1922,-0.5864,-1.6622,-0.7121,-1.2085,-0.6167,-1.5404,1
-0.8340,1.2398,-0.7898,0.1441,-1.3253,1.4837,-0.5681,-1.2539,0.5578,0.0819,-0.7886,-1.8550,-1.1655,-0.0850,0.2049,1.3546,-0.4396,-0.6338,1.9222,-1.7030,1
-1.4966,-1.3280,-0.0633,0.0904,-0.6756,-2.2249,-1.4941,0.5350,0.6259,0.4067,-1.9790,-0.1793,-2.0121,-0.0697,-0.7957,1.1841,-2.1023,-0.7687,-0.6884,-0.6166,1
2.1685,2.7285,-0.3951,0.9334,1.1280,-0.9676,-0.2980,1.0695,0.5951,0.8203,0.3026,0.2775,0.8738,0.0377,-0.3805,-0.8136,0.1892,1.9189,0.3202,-1.3129,0
1.0667,0.2595,-0.1527,-0.5003,-0.4429,-0.1097,1.4844,-0.3038,0.0378,-1.1732,2.8821,0.3962,-0.5457,-0.3658,-1.7939,-1.0900,0.3779,0.6136,-1.7532,-0.5620,1
1.3160,-2.7361,2.2303,0.4058,0.7259,-1.3664,1.4052,-0.5060,0.1968,-0.8246,-0.6430,-2.1744,1.4408,1.1028,1.0096,-0.3406,0.1526,-0.4835,2.2047,1.0900,0
